 Begin Bound-State Code

 INSTRUCTION : OUT 0 0 0 0 0 0 0 0 0 0 0 0 0 0 0 0 0 0 0 1 0 0 0 0 3                           


 INSTRUCTION : ROT 5 5 1                                                                       


 INSTRUCTION : PARITY +1                                                                       


 INSTRUCTION : POT SPNOFF                                                                      

 **** Calculate multichannel bound-states ****
 

 Subroutine POT for atom atom Collisions has been called.  POT Currently Setup For:
     LA2= 2     SA2= 1     IA2= 3     LB2= 0     SB2=JB2= 1     IB2= 3

 Parity of atom A ((-1)**IPARA):-1     Parity of atom B ((-1)**IPARB): 1


 LMOL=.FALSE.  Therefore Scattering Calculations will be done in the Hund's case(e) representation.

 IDENT=.TRUE.  This Program Assumes that you have Identical Nuclei dissociating to Different Fragment
Electronic States that are g/u symmetrized.
 
 dipole strength:    8.93800000000000     


  The ZERO of Energy is taken at the BARYCENTER of the JA2=  1  atom plus the  2S atom.
     USE FA2_ZERO and FB2_ZERO to shift to a Hyperfine ASYMPTOTE and USE EZERO for an arbitrary shift relative to an asymptote


  
      NMX =                   216
       E0 =   6.312104876887246E-006  a0^{-2} to a.u.
  HARTREE =    219474.630680000       a.u. to cm^{-1}
      GHz =    6579683.90001994       a.u. to GHz

 INSTRUCTION : DIAG 100 5000 2                                                                 

 100.000  2.396520231967E+02
 102.000  2.395388793195E+02
 104.000  2.394342719707E+02
 106.000  2.393374110152E+02
 108.000  2.392475924794E+02
 110.000  2.391641877856E+02
 112.000  2.390866344973E+02
 114.000  2.390144283395E+02
 116.000  2.389471163016E+02
 118.000  2.388842906585E+02
 120.000  2.388255837760E+02
 122.000  2.387706635859E+02
 124.000  2.387192296359E+02
 126.000  2.386710096328E+02
 128.000  2.386257564108E+02
 130.000  2.385832452672E+02
 132.000  2.385432716168E+02
 134.000  2.385056489210E+02
 136.000  2.384702068579E+02
 138.000  2.384367897011E+02
 140.000  2.384052548808E+02
 142.000  2.383754717053E+02
 144.000  2.383473202223E+02
 146.000  2.383206902031E+02
 148.000  2.382954802354E+02
 150.000  2.382715969115E+02
 152.000  2.382489541008E+02
 154.000  2.382274722966E+02
 156.000  2.382070780297E+02
 158.000  2.381877033400E+02
 160.000  2.381692853005E+02
 162.000  2.381517655878E+02
 164.000  2.381350900940E+02
 166.000  2.381192085753E+02
 168.000  2.381040743339E+02
 170.000  2.380896439295E+02
 172.000  2.380758769172E+02
 174.000  2.380627356092E+02
 176.000  2.380501848583E+02
 178.000  2.380381918599E+02
 180.000  2.380267259720E+02
 182.000  2.380157585508E+02
 184.000  2.380052628002E+02
 186.000  2.379952136342E+02
 188.000  2.379855875511E+02
 190.000  2.379763625178E+02
 192.000  2.379675178638E+02
 194.000  2.379590341841E+02
 196.000  2.379508932496E+02
 198.000  2.379430779248E+02
 200.000  2.379355720921E+02
 202.000  2.379283605816E+02
 204.000  2.379214291074E+02
 206.000  2.379147642074E+02
 208.000  2.379083531888E+02
 210.000  2.379021840771E+02
 212.000  2.378962455694E+02
 214.000  2.378905269903E+02
 216.000  2.378850182524E+02
 218.000  2.378797098182E+02
 220.000  2.378745926657E+02
 222.000  2.378696582563E+02
 224.000  2.378648985046E+02
 226.000  2.378603057509E+02
 228.000  2.378558727349E+02
 230.000  2.378515925719E+02
 232.000  2.378474587302E+02
 234.000  2.378434650101E+02
 236.000  2.378396055248E+02
 238.000  2.378358746814E+02
 240.000  2.378322671645E+02
 242.000  2.378287779201E+02
 244.000  2.378254021407E+02
 246.000  2.378221352514E+02
 248.000  2.378189728970E+02
 250.000  2.378159109293E+02
 252.000  2.378129453966E+02
 254.000  2.378100725319E+02
 256.000  2.378072887438E+02
 258.000  2.378045906064E+02
 260.000  2.378019748509E+02
 262.000  2.377994383568E+02
 264.000  2.377969781446E+02
 266.000  2.377945913681E+02
 268.000  2.377922753076E+02
 270.000  2.377900273634E+02
 272.000  2.377878450497E+02
 274.000  2.377857259887E+02
 276.000  2.377836679051E+02
 278.000  2.377816686214E+02
 280.000  2.377797260526E+02
 282.000  2.377778382017E+02
 284.000  2.377760031556E+02
 286.000  2.377742190810E+02
 288.000  2.377724842202E+02
 290.000  2.377707968880E+02
 292.000  2.377691554678E+02
 294.000  2.377675584086E+02
 296.000  2.377660042219E+02
 298.000  2.377644914785E+02
 300.000  2.377630188064E+02
 302.000  2.377615848874E+02
 304.000  2.377601884551E+02
 306.000  2.377588282924E+02
 308.000  2.377575032295E+02
 310.000  2.377562121414E+02
 312.000  2.377549539462E+02
 314.000  2.377537276029E+02
 316.000  2.377525321100E+02
 318.000  2.377513665034E+02
 320.000  2.377502298550E+02
 322.000  2.377491212712E+02
 324.000  2.377480398909E+02
 326.000  2.377469848850E+02
 328.000  2.377459554542E+02
 330.000  2.377449508282E+02
 332.000  2.377439702644E+02
 334.000  2.377430130466E+02
 336.000  2.377420784842E+02
 338.000  2.377411659109E+02
 340.000  2.377402746836E+02
 342.000  2.377394041821E+02
 344.000  2.377385538071E+02
 346.000  2.377377229805E+02
 348.000  2.377369111436E+02
 350.000  2.377361177571E+02
 352.000  2.377353422998E+02
 354.000  2.377345842679E+02
 356.000  2.377338431750E+02
 358.000  2.377331185503E+02
 360.000  2.377324099390E+02
 362.000  2.377317169011E+02
 364.000  2.377310390113E+02
 366.000  2.377303758578E+02
 368.000  2.377297270425E+02
 370.000  2.377290921798E+02
 372.000  2.377284708967E+02
 374.000  2.377278628322E+02
 376.000  2.377272676364E+02
 378.000  2.377266849707E+02
 380.000  2.377261145072E+02
 382.000  2.377255559281E+02
 384.000  2.377250089254E+02
 386.000  2.377244732010E+02
 388.000  2.377239484655E+02
 390.000  2.377234344386E+02
 392.000  2.377229308487E+02
 394.000  2.377224374320E+02
 396.000  2.377219539331E+02
 398.000  2.377214801039E+02
 400.000  2.377210157040E+02
 402.000  2.377205604999E+02
 404.000  2.377201142652E+02
 406.000  2.377196767800E+02
 408.000  2.377192478309E+02
 410.000  2.377188272108E+02
 412.000  2.377184147184E+02
 414.000  2.377180101584E+02
 416.000  2.377176133411E+02
 418.000  2.377172240820E+02
 420.000  2.377168422021E+02
 422.000  2.377164675274E+02
 424.000  2.377160998886E+02
 426.000  2.377157391215E+02
 428.000  2.377153850663E+02
 430.000  2.377150375674E+02
 432.000  2.377146964740E+02
 434.000  2.377143616391E+02
 436.000  2.377140329197E+02
 438.000  2.377137101770E+02
 440.000  2.377133932757E+02
 442.000  2.377130820842E+02
 444.000  2.377127764745E+02
 446.000  2.377124763220E+02
 448.000  2.377121815055E+02
 450.000  2.377118919069E+02
 452.000  2.377116074113E+02
 454.000  2.377113279068E+02
 456.000  2.377110532843E+02
 458.000  2.377107834378E+02
 460.000  2.377105182640E+02
 462.000  2.377102576620E+02
 464.000  2.377100015337E+02
 466.000  2.377097497837E+02
 468.000  2.377095023187E+02
 470.000  2.377092590480E+02
 472.000  2.377090198831E+02
 474.000  2.377087847376E+02
 476.000  2.377085535276E+02
 478.000  2.377083261711E+02
 480.000  2.377081025880E+02
 482.000  2.377078827005E+02
 484.000  2.377076664325E+02
 486.000  2.377074537098E+02
 488.000  2.377072444601E+02
 490.000  2.377070386127E+02
 492.000  2.377068360989E+02
 494.000  2.377066368514E+02
 496.000  2.377064408046E+02
 498.000  2.377062478945E+02
 500.000  2.377060580586E+02
 502.000  2.377058712360E+02
 504.000  2.377056873670E+02
 506.000  2.377055063936E+02
 508.000  2.377053282590E+02
 510.000  2.377051529076E+02
 512.000  2.377049802854E+02
 514.000  2.377048103395E+02
 516.000  2.377046430183E+02
 518.000  2.377044782711E+02
 520.000  2.377043160488E+02
 522.000  2.377041563032E+02
 524.000  2.377039989871E+02
 526.000  2.377038440545E+02
 528.000  2.377036914605E+02
 530.000  2.377035411612E+02
 532.000  2.377033931135E+02
 534.000  2.377032472754E+02
 536.000  2.377031036059E+02
 538.000  2.377029620648E+02
 540.000  2.377028226129E+02
 542.000  2.377026852117E+02
 544.000  2.377025498237E+02
 546.000  2.377024164121E+02
 548.000  2.377022849410E+02
 550.000  2.377021553753E+02
 552.000  2.377020276806E+02
 554.000  2.377019018232E+02
 556.000  2.377017777701E+02
 558.000  2.377016554893E+02
 560.000  2.377015349490E+02
 562.000  2.377014161186E+02
 564.000  2.377012989677E+02
 566.000  2.377011834668E+02
 568.000  2.377010695869E+02
 570.000  2.377009572998E+02
 572.000  2.377008465776E+02
 574.000  2.377007373932E+02
 576.000  2.377006297200E+02
 578.000  2.377005235319E+02
 580.000  2.377004188035E+02
 582.000  2.377003155096E+02
 584.000  2.377002136259E+02
 586.000  2.377001131284E+02
 588.000  2.377000139935E+02
 590.000  2.376999161983E+02
 592.000  2.376998197202E+02
 594.000  2.376997245371E+02
 596.000  2.376996306273E+02
 598.000  2.376995379696E+02
 600.000  2.376994465433E+02
 602.000  2.376993563278E+02
 604.000  2.376992673034E+02
 606.000  2.376991794503E+02
 608.000  2.376990927493E+02
 610.000  2.376990071817E+02
 612.000  2.376989227290E+02
 614.000  2.376988393731E+02
 616.000  2.376987570962E+02
 618.000  2.376986758809E+02
 620.000  2.376985957101E+02
 622.000  2.376985165672E+02
 624.000  2.376984384357E+02
 626.000  2.376983612995E+02
 628.000  2.376982851428E+02
 630.000  2.376982099501E+02
 632.000  2.376981357062E+02
 634.000  2.376980623962E+02
 636.000  2.376979900054E+02
 638.000  2.376979185195E+02
 640.000  2.376978479243E+02
 642.000  2.376977782062E+02
 644.000  2.376977093514E+02
 646.000  2.376976413466E+02
 648.000  2.376975741788E+02
 650.000  2.376975078352E+02
 652.000  2.376974423031E+02
 654.000  2.376973775702E+02
 656.000  2.376973136242E+02
 658.000  2.376972504534E+02
 660.000  2.376971880460E+02
 662.000  2.376971263905E+02
 664.000  2.376970654755E+02
 666.000  2.376970052901E+02
 668.000  2.376969458233E+02
 670.000  2.376968870644E+02
 672.000  2.376968290030E+02
 674.000  2.376967716287E+02
 676.000  2.376967149313E+02
 678.000  2.376966589010E+02
 680.000  2.376966035279E+02
 682.000  2.376965488025E+02
 684.000  2.376964947152E+02
 686.000  2.376964412569E+02
 688.000  2.376963884184E+02
 690.000  2.376963361907E+02
 692.000  2.376962845650E+02
 694.000  2.376962335328E+02
 696.000  2.376961830854E+02
 698.000  2.376961332146E+02
 700.000  2.376960839121E+02
 702.000  2.376960351699E+02
 704.000  2.376959869799E+02
 706.000  2.376959393345E+02
 708.000  2.376958922260E+02
 710.000  2.376958456467E+02
 712.000  2.376957995893E+02
 714.000  2.376957540466E+02
 716.000  2.376957090112E+02
 718.000  2.376956644763E+02
 720.000  2.376956204348E+02
 722.000  2.376955768800E+02
 724.000  2.376955338051E+02
 726.000  2.376954912036E+02
 728.000  2.376954490689E+02
 730.000  2.376954073947E+02
 732.000  2.376953661747E+02
 734.000  2.376953254028E+02
 736.000  2.376952850728E+02
 738.000  2.376952451788E+02
 740.000  2.376952057149E+02
 742.000  2.376951666754E+02
 744.000  2.376951280546E+02
 746.000  2.376950898467E+02
 748.000  2.376950520465E+02
 750.000  2.376950146483E+02
 752.000  2.376949776470E+02
 754.000  2.376949410372E+02
 756.000  2.376949048138E+02
 758.000  2.376948689717E+02
 760.000  2.376948335059E+02
 762.000  2.376947984114E+02
 764.000  2.376947636835E+02
 766.000  2.376947293173E+02
 768.000  2.376946953081E+02
 770.000  2.376946616514E+02
 772.000  2.376946283426E+02
 774.000  2.376945953771E+02
 776.000  2.376945627506E+02
 778.000  2.376945304588E+02
 780.000  2.376944984973E+02
 782.000  2.376944668619E+02
 784.000  2.376944355485E+02
 786.000  2.376944045531E+02
 788.000  2.376943738715E+02
 790.000  2.376943434998E+02
 792.000  2.376943134341E+02
 794.000  2.376942836706E+02
 796.000  2.376942542055E+02
 798.000  2.376942250350E+02
 800.000  2.376941961555E+02
 802.000  2.376941675633E+02
 804.000  2.376941392550E+02
 806.000  2.376941112269E+02
 808.000  2.376940834756E+02
 810.000  2.376940559978E+02
 812.000  2.376940287900E+02
 814.000  2.376940018489E+02
 816.000  2.376939751713E+02
 818.000  2.376939487540E+02
 820.000  2.376939225938E+02
 822.000  2.376938966876E+02
 824.000  2.376938710323E+02
 826.000  2.376938456248E+02
 828.000  2.376938204623E+02
 830.000  2.376937955417E+02
 832.000  2.376937708601E+02
 834.000  2.376937464147E+02
 836.000  2.376937222027E+02
 838.000  2.376936982213E+02
 840.000  2.376936744677E+02
 842.000  2.376936509393E+02
 844.000  2.376936276334E+02
 846.000  2.376936045473E+02
 848.000  2.376935816785E+02
 850.000  2.376935590245E+02
 852.000  2.376935365827E+02
 854.000  2.376935143506E+02
 856.000  2.376934923257E+02
 858.000  2.376934705058E+02
 860.000  2.376934488884E+02
 862.000  2.376934274711E+02
 864.000  2.376934062517E+02
 866.000  2.376933852279E+02
 868.000  2.376933643973E+02
 870.000  2.376933437579E+02
 872.000  2.376933233074E+02
 874.000  2.376933030437E+02
 876.000  2.376932829646E+02
 878.000  2.376932630680E+02
 880.000  2.376932433519E+02
 882.000  2.376932238142E+02
 884.000  2.376932044530E+02
 886.000  2.376931852661E+02
 888.000  2.376931662518E+02
 890.000  2.376931474079E+02
 892.000  2.376931287327E+02
 894.000  2.376931102242E+02
 896.000  2.376930918807E+02
 898.000  2.376930737001E+02
 900.000  2.376930556808E+02
 902.000  2.376930378210E+02
 904.000  2.376930201189E+02
 906.000  2.376930025727E+02
 908.000  2.376929851808E+02
 910.000  2.376929679415E+02
 912.000  2.376929508530E+02
 914.000  2.376929339138E+02
 916.000  2.376929171222E+02
 918.000  2.376929004766E+02
 920.000  2.376928839755E+02
 922.000  2.376928676172E+02
 924.000  2.376928514002E+02
 926.000  2.376928353230E+02
 928.000  2.376928193842E+02
 930.000  2.376928035821E+02
 932.000  2.376927879154E+02
 934.000  2.376927723826E+02
 936.000  2.376927569823E+02
 938.000  2.376927417130E+02
 940.000  2.376927265735E+02
 942.000  2.376927115622E+02
 944.000  2.376926966778E+02
 946.000  2.376926819191E+02
 948.000  2.376926672847E+02
 950.000  2.376926527732E+02
 952.000  2.376926383834E+02
 954.000  2.376926241141E+02
 956.000  2.376926099638E+02
 958.000  2.376925959316E+02
 960.000  2.376925820160E+02
 962.000  2.376925682159E+02
 964.000  2.376925545300E+02
 966.000  2.376925409573E+02
 968.000  2.376925274965E+02
 970.000  2.376925141465E+02
 972.000  2.376925009062E+02
 974.000  2.376924877744E+02
 976.000  2.376924747500E+02
 978.000  2.376924618319E+02
 980.000  2.376924490191E+02
 982.000  2.376924363104E+02
 984.000  2.376924237048E+02
 986.000  2.376924112013E+02
 988.000  2.376923987989E+02
 990.000  2.376923864965E+02
 992.000  2.376923742930E+02
 994.000  2.376923621876E+02
 996.000  2.376923501793E+02
 998.000  2.376923382670E+02
1000.000  2.376923264498E+02
1002.000  2.376923147268E+02
1004.000  2.376923030970E+02
1006.000  2.376922915595E+02
1008.000  2.376922801133E+02
1010.000  2.376922687577E+02
1012.000  2.376922574917E+02
1014.000  2.376922463143E+02
1016.000  2.376922352248E+02
1018.000  2.376922242223E+02
1020.000  2.376922133059E+02
1022.000  2.376922024748E+02
1024.000  2.376921917281E+02
1026.000  2.376921810651E+02
1028.000  2.376921704849E+02
1030.000  2.376921599867E+02
1032.000  2.376921495697E+02
1034.000  2.376921392332E+02
1036.000  2.376921289764E+02
1038.000  2.376921187984E+02
1040.000  2.376921086986E+02
1042.000  2.376920986761E+02
1044.000  2.376920887304E+02
1046.000  2.376920788605E+02
1048.000  2.376920690658E+02
1050.000  2.376920593457E+02
1052.000  2.376920496993E+02
1054.000  2.376920401260E+02
1056.000  2.376920306250E+02
1058.000  2.376920211958E+02
1060.000  2.376920118376E+02
1062.000  2.376920025498E+02
1064.000  2.376919933316E+02
1066.000  2.376919841826E+02
1068.000  2.376919751019E+02
1070.000  2.376919660890E+02
1072.000  2.376919571432E+02
1074.000  2.376919482639E+02
1076.000  2.376919394506E+02
1078.000  2.376919307025E+02
1080.000  2.376919220191E+02
1082.000  2.376919133998E+02
1084.000  2.376919048439E+02
1086.000  2.376918963510E+02
1088.000  2.376918879204E+02
1090.000  2.376918795516E+02
1092.000  2.376918712440E+02
1094.000  2.376918629970E+02
1096.000  2.376918548101E+02
1098.000  2.376918466827E+02
1100.000  2.376918386144E+02
1102.000  2.376918306045E+02
1104.000  2.376918226525E+02
1106.000  2.376918147580E+02
1108.000  2.376918069204E+02
1110.000  2.376917991391E+02
1112.000  2.376917914137E+02
1114.000  2.376917837437E+02
1116.000  2.376917761286E+02
1118.000  2.376917685679E+02
1120.000  2.376917610611E+02
1122.000  2.376917536077E+02
1124.000  2.376917462073E+02
1126.000  2.376917388593E+02
1128.000  2.376917315634E+02
1130.000  2.376917243191E+02
1132.000  2.376917171258E+02
1134.000  2.376917099832E+02
1136.000  2.376917028908E+02
1138.000  2.376916958482E+02
1140.000  2.376916888549E+02
1142.000  2.376916819106E+02
1144.000  2.376916750147E+02
1146.000  2.376916681668E+02
1148.000  2.376916613666E+02
1150.000  2.376916546136E+02
1152.000  2.376916479075E+02
1154.000  2.376916412477E+02
1156.000  2.376916346340E+02
1158.000  2.376916280658E+02
1160.000  2.376916215429E+02
1162.000  2.376916150648E+02
1164.000  2.376916086312E+02
1166.000  2.376916022416E+02
1168.000  2.376915958957E+02
1170.000  2.376915895931E+02
1172.000  2.376915833335E+02
1174.000  2.376915771165E+02
1176.000  2.376915709417E+02
1178.000  2.376915648087E+02
1180.000  2.376915587173E+02
1182.000  2.376915526670E+02
1184.000  2.376915466575E+02
1186.000  2.376915406885E+02
1188.000  2.376915347596E+02
1190.000  2.376915288705E+02
1192.000  2.376915230209E+02
1194.000  2.376915172104E+02
1196.000  2.376915114387E+02
1198.000  2.376915057054E+02
1200.000  2.376915000104E+02
1202.000  2.376914943531E+02
1204.000  2.376914887334E+02
1206.000  2.376914831510E+02
1208.000  2.376914776054E+02
1210.000  2.376914720964E+02
1212.000  2.376914666237E+02
1214.000  2.376914611871E+02
1216.000  2.376914557861E+02
1218.000  2.376914504206E+02
1220.000  2.376914450902E+02
1222.000  2.376914397946E+02
1224.000  2.376914345336E+02
1226.000  2.376914293068E+02
1228.000  2.376914241141E+02
1230.000  2.376914189551E+02
1232.000  2.376914138295E+02
1234.000  2.376914087371E+02
1236.000  2.376914036776E+02
1238.000  2.376913986507E+02
1240.000  2.376913936562E+02
1242.000  2.376913886939E+02
1244.000  2.376913837634E+02
1246.000  2.376913788645E+02
1248.000  2.376913739969E+02
1250.000  2.376913691605E+02
1252.000  2.376913643549E+02
1254.000  2.376913595799E+02
1256.000  2.376913548353E+02
1258.000  2.376913501208E+02
1260.000  2.376913454362E+02
1262.000  2.376913407813E+02
1264.000  2.376913361557E+02
1266.000  2.376913315594E+02
1268.000  2.376913269920E+02
1270.000  2.376913224533E+02
1272.000  2.376913179431E+02
1274.000  2.376913134612E+02
1276.000  2.376913090074E+02
1278.000  2.376913045814E+02
1280.000  2.376913001830E+02
1282.000  2.376912958120E+02
1284.000  2.376912914682E+02
1286.000  2.376912871514E+02
1288.000  2.376912828614E+02
1290.000  2.376912785979E+02
1292.000  2.376912743608E+02
1294.000  2.376912701498E+02
1296.000  2.376912659648E+02
1298.000  2.376912618056E+02
1300.000  2.376912576719E+02
1302.000  2.376912535635E+02
1304.000  2.376912494804E+02
1306.000  2.376912454222E+02
1308.000  2.376912413887E+02
1310.000  2.376912373799E+02
1312.000  2.376912333955E+02
1314.000  2.376912294353E+02
1316.000  2.376912254991E+02
1318.000  2.376912215868E+02
1320.000  2.376912176982E+02
1322.000  2.376912138331E+02
1324.000  2.376912099913E+02
1326.000  2.376912061726E+02
1328.000  2.376912023769E+02
1330.000  2.376911986040E+02
1332.000  2.376911948537E+02
1334.000  2.376911911259E+02
1336.000  2.376911874204E+02
1338.000  2.376911837370E+02
1340.000  2.376911800755E+02
1342.000  2.376911764359E+02
1344.000  2.376911728178E+02
1346.000  2.376911692213E+02
1348.000  2.376911656460E+02
1350.000  2.376911620920E+02
1352.000  2.376911585589E+02
1354.000  2.376911550466E+02
1356.000  2.376911515551E+02
1358.000  2.376911480841E+02
1360.000  2.376911446335E+02
1362.000  2.376911412031E+02
1364.000  2.376911377928E+02
1366.000  2.376911344024E+02
1368.000  2.376911310319E+02
1370.000  2.376911276810E+02
1372.000  2.376911243496E+02
1374.000  2.376911210376E+02
1376.000  2.376911177448E+02
1378.000  2.376911144711E+02
1380.000  2.376911112163E+02
1382.000  2.376911079804E+02
1384.000  2.376911047631E+02
1386.000  2.376911015644E+02
1388.000  2.376910983841E+02
1390.000  2.376910952220E+02
1392.000  2.376910920781E+02
1394.000  2.376910889523E+02
1396.000  2.376910858443E+02
1398.000  2.376910827541E+02
1400.000  2.376910796815E+02
1402.000  2.376910766264E+02
1404.000  2.376910735887E+02
1406.000  2.376910705683E+02
1408.000  2.376910675650E+02
1410.000  2.376910645787E+02
1412.000  2.376910616093E+02
1414.000  2.376910586567E+02
1416.000  2.376910557207E+02
1418.000  2.376910528013E+02
1420.000  2.376910498983E+02
1422.000  2.376910470116E+02
1424.000  2.376910441411E+02
1426.000  2.376910412867E+02
1428.000  2.376910384483E+02
1430.000  2.376910356257E+02
1432.000  2.376910328189E+02
1434.000  2.376910300277E+02
1436.000  2.376910272520E+02
1438.000  2.376910244918E+02
1440.000  2.376910217468E+02
1442.000  2.376910190171E+02
1444.000  2.376910163025E+02
1446.000  2.376910136028E+02
1448.000  2.376910109181E+02
1450.000  2.376910082482E+02
1452.000  2.376910055929E+02
1454.000  2.376910029522E+02
1456.000  2.376910003261E+02
1458.000  2.376909977143E+02
1460.000  2.376909951168E+02
1462.000  2.376909925335E+02
1464.000  2.376909899643E+02
1466.000  2.376909874091E+02
1468.000  2.376909848678E+02
1470.000  2.376909823403E+02
1472.000  2.376909798266E+02
1474.000  2.376909773264E+02
1476.000  2.376909748398E+02
1478.000  2.376909723666E+02
1480.000  2.376909699068E+02
1482.000  2.376909674603E+02
1484.000  2.376909650269E+02
1486.000  2.376909626066E+02
1488.000  2.376909601993E+02
1490.000  2.376909578049E+02
1492.000  2.376909554233E+02
1494.000  2.376909530545E+02
1496.000  2.376909506983E+02
1498.000  2.376909483546E+02
1500.000  2.376909460235E+02
1502.000  2.376909437048E+02
1504.000  2.376909413983E+02
1506.000  2.376909391042E+02
1508.000  2.376909368221E+02
1510.000  2.376909345522E+02
1512.000  2.376909322942E+02
1514.000  2.376909300481E+02
1516.000  2.376909278139E+02
1518.000  2.376909255915E+02
1520.000  2.376909233807E+02
1522.000  2.376909211815E+02
1524.000  2.376909189939E+02
1526.000  2.376909168177E+02
1528.000  2.376909146529E+02
1530.000  2.376909124994E+02
1532.000  2.376909103571E+02
1534.000  2.376909082260E+02
1536.000  2.376909061060E+02
1538.000  2.376909039970E+02
1540.000  2.376909018989E+02
1542.000  2.376908998117E+02
1544.000  2.376908977353E+02
1546.000  2.376908956696E+02
1548.000  2.376908936146E+02
1550.000  2.376908915702E+02
1552.000  2.376908895363E+02
1554.000  2.376908875129E+02
1556.000  2.376908854998E+02
1558.000  2.376908834971E+02
1560.000  2.376908815046E+02
1562.000  2.376908795224E+02
1564.000  2.376908775502E+02
1566.000  2.376908755881E+02
1568.000  2.376908736360E+02
1570.000  2.376908716939E+02
1572.000  2.376908697616E+02
1574.000  2.376908678391E+02
1576.000  2.376908659264E+02
1578.000  2.376908640234E+02
1580.000  2.376908621299E+02
1582.000  2.376908602461E+02
1584.000  2.376908583717E+02
1586.000  2.376908565068E+02
1588.000  2.376908546513E+02
1590.000  2.376908528051E+02
1592.000  2.376908509681E+02
1594.000  2.376908491404E+02
1596.000  2.376908473218E+02
1598.000  2.376908455123E+02
1600.000  2.376908437119E+02
1602.000  2.376908419204E+02
1604.000  2.376908401379E+02
1606.000  2.376908383642E+02
1608.000  2.376908365993E+02
1610.000  2.376908348432E+02
1612.000  2.376908330958E+02
1614.000  2.376908313571E+02
1616.000  2.376908296269E+02
1618.000  2.376908279053E+02
1620.000  2.376908261922E+02
1622.000  2.376908244875E+02
1624.000  2.376908227912E+02
1626.000  2.376908211033E+02
1628.000  2.376908194236E+02
1630.000  2.376908177521E+02
1632.000  2.376908160889E+02
1634.000  2.376908144338E+02
1636.000  2.376908127867E+02
1638.000  2.376908111477E+02
1640.000  2.376908095167E+02
1642.000  2.376908078936E+02
1644.000  2.376908062784E+02
1646.000  2.376908046711E+02
1648.000  2.376908030715E+02
1650.000  2.376908014797E+02
1652.000  2.376907998956E+02
1654.000  2.376907983191E+02
1656.000  2.376907967502E+02
1658.000  2.376907951890E+02
1660.000  2.376907936352E+02
1662.000  2.376907920889E+02
1664.000  2.376907905500E+02
1666.000  2.376907890185E+02
1668.000  2.376907874943E+02
1670.000  2.376907859774E+02
1672.000  2.376907844678E+02
1674.000  2.376907829654E+02
1676.000  2.376907814701E+02
1678.000  2.376907799820E+02
1680.000  2.376907785009E+02
1682.000  2.376907770269E+02
1684.000  2.376907755599E+02
1686.000  2.376907740998E+02
1688.000  2.376907726466E+02
1690.000  2.376907712003E+02
1692.000  2.376907697609E+02
1694.000  2.376907683282E+02
1696.000  2.376907669023E+02
1698.000  2.376907654831E+02
1700.000  2.376907640705E+02
1702.000  2.376907626646E+02
1704.000  2.376907612653E+02
1706.000  2.376907598725E+02
1708.000  2.376907584863E+02
1710.000  2.376907571065E+02
1712.000  2.376907557332E+02
1714.000  2.376907543663E+02
1716.000  2.376907530057E+02
1718.000  2.376907516515E+02
1720.000  2.376907503035E+02
1722.000  2.376907489618E+02
1724.000  2.376907476264E+02
1726.000  2.376907462971E+02
1728.000  2.376907449739E+02
1730.000  2.376907436569E+02
1732.000  2.376907423459E+02
1734.000  2.376907410410E+02
1736.000  2.376907397421E+02
1738.000  2.376907384492E+02
1740.000  2.376907371622E+02
1742.000  2.376907358811E+02
1744.000  2.376907346059E+02
1746.000  2.376907333365E+02
1748.000  2.376907320729E+02
1750.000  2.376907308151E+02
1752.000  2.376907295630E+02
1754.000  2.376907283167E+02
1756.000  2.376907270760E+02
1758.000  2.376907258409E+02
1760.000  2.376907246115E+02
1762.000  2.376907233876E+02
1764.000  2.376907221692E+02
1766.000  2.376907209564E+02
1768.000  2.376907197491E+02
1770.000  2.376907185472E+02
1772.000  2.376907173507E+02
1774.000  2.376907161597E+02
1776.000  2.376907149739E+02
1778.000  2.376907137935E+02
1780.000  2.376907126185E+02
1782.000  2.376907114486E+02
1784.000  2.376907102841E+02
1786.000  2.376907091247E+02
1788.000  2.376907079705E+02
1790.000  2.376907068215E+02
1792.000  2.376907056775E+02
1794.000  2.376907045387E+02
1796.000  2.376907034050E+02
1798.000  2.376907022763E+02
1800.000  2.376907011526E+02
1802.000  2.376907000339E+02
1804.000  2.376906989201E+02
1806.000  2.376906978113E+02
1808.000  2.376906967073E+02
1810.000  2.376906956083E+02
1812.000  2.376906945141E+02
1814.000  2.376906934247E+02
1816.000  2.376906923401E+02
1818.000  2.376906912602E+02
1820.000  2.376906901851E+02
1822.000  2.376906891148E+02
1824.000  2.376906880491E+02
1826.000  2.376906869881E+02
1828.000  2.376906859317E+02
1830.000  2.376906848799E+02
1832.000  2.376906838327E+02
1834.000  2.376906827901E+02
1836.000  2.376906817520E+02
1838.000  2.376906807185E+02
1840.000  2.376906796894E+02
1842.000  2.376906786648E+02
1844.000  2.376906776446E+02
1846.000  2.376906766289E+02
1848.000  2.376906756175E+02
1850.000  2.376906746105E+02
1852.000  2.376906736078E+02
1854.000  2.376906726095E+02
1856.000  2.376906716155E+02
1858.000  2.376906706257E+02
1860.000  2.376906696402E+02
1862.000  2.376906686590E+02
1864.000  2.376906676819E+02
1866.000  2.376906667090E+02
1868.000  2.376906657403E+02
1870.000  2.376906647757E+02
1872.000  2.376906638153E+02
1874.000  2.376906628589E+02
1876.000  2.376906619066E+02
1878.000  2.376906609584E+02
1880.000  2.376906600141E+02
1882.000  2.376906590739E+02
1884.000  2.376906581377E+02
1886.000  2.376906572055E+02
1888.000  2.376906562772E+02
1890.000  2.376906553528E+02
1892.000  2.376906544324E+02
1894.000  2.376906535158E+02
1896.000  2.376906526030E+02
1898.000  2.376906516942E+02
1900.000  2.376906507891E+02
1902.000  2.376906498879E+02
1904.000  2.376906489904E+02
1906.000  2.376906480967E+02
1908.000  2.376906472067E+02
1910.000  2.376906463205E+02
1912.000  2.376906454379E+02
1914.000  2.376906445591E+02
1916.000  2.376906436839E+02
1918.000  2.376906428124E+02
1920.000  2.376906419445E+02
1922.000  2.376906410802E+02
1924.000  2.376906402194E+02
1926.000  2.376906393623E+02
1928.000  2.376906385087E+02
1930.000  2.376906376587E+02
1932.000  2.376906368121E+02
1934.000  2.376906359691E+02
1936.000  2.376906351295E+02
1938.000  2.376906342934E+02
1940.000  2.376906334608E+02
1942.000  2.376906326316E+02
1944.000  2.376906318057E+02
1946.000  2.376906309833E+02
1948.000  2.376906301643E+02
1950.000  2.376906293486E+02
1952.000  2.376906285362E+02
1954.000  2.376906277272E+02
1956.000  2.376906269215E+02
1958.000  2.376906261190E+02
1960.000  2.376906253198E+02
1962.000  2.376906245239E+02
1964.000  2.376906237313E+02
1966.000  2.376906229418E+02
1968.000  2.376906221556E+02
1970.000  2.376906213725E+02
1972.000  2.376906205926E+02
1974.000  2.376906198159E+02
1976.000  2.376906190423E+02
1978.000  2.376906182719E+02
1980.000  2.376906175045E+02
1982.000  2.376906167403E+02
1984.000  2.376906159791E+02
1986.000  2.376906152210E+02
1988.000  2.376906144659E+02
1990.000  2.376906137139E+02
1992.000  2.376906129649E+02
1994.000  2.376906122189E+02
1996.000  2.376906114758E+02
1998.000  2.376906107358E+02
2000.000  2.376906099987E+02
2002.000  2.376906092645E+02
2004.000  2.376906085333E+02
2006.000  2.376906078050E+02
2008.000  2.376906070796E+02
2010.000  2.376906063571E+02
2012.000  2.376906056374E+02
2014.000  2.376906049206E+02
2016.000  2.376906042066E+02
2018.000  2.376906034955E+02
2020.000  2.376906027872E+02
2022.000  2.376906020817E+02
2024.000  2.376906013789E+02
2026.000  2.376906006790E+02
2028.000  2.376905999818E+02
2030.000  2.376905992873E+02
2032.000  2.376905985956E+02
2034.000  2.376905979066E+02
2036.000  2.376905972203E+02
2038.000  2.376905965366E+02
2040.000  2.376905958557E+02
2042.000  2.376905951774E+02
2044.000  2.376905945018E+02
2046.000  2.376905938288E+02
2048.000  2.376905931585E+02
2050.000  2.376905924907E+02
2052.000  2.376905918256E+02
2054.000  2.376905911631E+02
2056.000  2.376905905031E+02
2058.000  2.376905898457E+02
2060.000  2.376905891908E+02
2062.000  2.376905885385E+02
2064.000  2.376905878887E+02
2066.000  2.376905872414E+02
2068.000  2.376905865966E+02
2070.000  2.376905859543E+02
2072.000  2.376905853145E+02
2074.000  2.376905846772E+02
2076.000  2.376905840423E+02
2078.000  2.376905834098E+02
2080.000  2.376905827798E+02
2082.000  2.376905821522E+02
2084.000  2.376905815270E+02
2086.000  2.376905809042E+02
2088.000  2.376905802838E+02
2090.000  2.376905796657E+02
2092.000  2.376905790500E+02
2094.000  2.376905784367E+02
2096.000  2.376905778257E+02
2098.000  2.376905772170E+02
2100.000  2.376905766107E+02
2102.000  2.376905760066E+02
2104.000  2.376905754049E+02
2106.000  2.376905748054E+02
2108.000  2.376905742082E+02
2110.000  2.376905736133E+02
2112.000  2.376905730206E+02
2114.000  2.376905724302E+02
2116.000  2.376905718419E+02
2118.000  2.376905712559E+02
2120.000  2.376905706722E+02
2122.000  2.376905700906E+02
2124.000  2.376905695112E+02
2126.000  2.376905689340E+02
2128.000  2.376905683589E+02
2130.000  2.376905677860E+02
2132.000  2.376905672153E+02
2134.000  2.376905666467E+02
2136.000  2.376905660802E+02
2138.000  2.376905655158E+02
2140.000  2.376905649536E+02
2142.000  2.376905643934E+02
2144.000  2.376905638354E+02
2146.000  2.376905632794E+02
2148.000  2.376905627255E+02
2150.000  2.376905621736E+02
2152.000  2.376905616238E+02
2154.000  2.376905610760E+02
2156.000  2.376905605303E+02
2158.000  2.376905599866E+02
2160.000  2.376905594448E+02
2162.000  2.376905589051E+02
2164.000  2.376905583674E+02
2166.000  2.376905578317E+02
2168.000  2.376905572980E+02
2170.000  2.376905567662E+02
2172.000  2.376905562363E+02
2174.000  2.376905557085E+02
2176.000  2.376905551825E+02
2178.000  2.376905546585E+02
2180.000  2.376905541364E+02
2182.000  2.376905536162E+02
2184.000  2.376905530980E+02
2186.000  2.376905525816E+02
2188.000  2.376905520671E+02
2190.000  2.376905515545E+02
2192.000  2.376905510437E+02
2194.000  2.376905505348E+02
2196.000  2.376905500278E+02
2198.000  2.376905495226E+02
2200.000  2.376905490193E+02
2202.000  2.376905485177E+02
2204.000  2.376905480180E+02
2206.000  2.376905475201E+02
2208.000  2.376905470240E+02
2210.000  2.376905465297E+02
2212.000  2.376905460372E+02
2214.000  2.376905455465E+02
2216.000  2.376905450575E+02
2218.000  2.376905445703E+02
2220.000  2.376905440849E+02
2222.000  2.376905436011E+02
2224.000  2.376905431192E+02
2226.000  2.376905426389E+02
2228.000  2.376905421604E+02
2230.000  2.376905416836E+02
2232.000  2.376905412085E+02
2234.000  2.376905407352E+02
2236.000  2.376905402635E+02
2238.000  2.376905397934E+02
2240.000  2.376905393251E+02
2242.000  2.376905388584E+02
2244.000  2.376905383934E+02
2246.000  2.376905379301E+02
2248.000  2.376905374684E+02
2250.000  2.376905370083E+02
2252.000  2.376905365499E+02
2254.000  2.376905360931E+02
2256.000  2.376905356379E+02
2258.000  2.376905351843E+02
2260.000  2.376905347323E+02
2262.000  2.376905342820E+02
2264.000  2.376905338332E+02
2266.000  2.376905333860E+02
2268.000  2.376905329404E+02
2270.000  2.376905324963E+02
2272.000  2.376905320538E+02
2274.000  2.376905316129E+02
2276.000  2.376905311735E+02
2278.000  2.376905307356E+02
2280.000  2.376905302993E+02
2282.000  2.376905298645E+02
2284.000  2.376905294313E+02
2286.000  2.376905289995E+02
2288.000  2.376905285693E+02
2290.000  2.376905281406E+02
2292.000  2.376905277133E+02
2294.000  2.376905272876E+02
2296.000  2.376905268633E+02
2298.000  2.376905264405E+02
2300.000  2.376905260192E+02
2302.000  2.376905255993E+02
2304.000  2.376905251809E+02
2306.000  2.376905247639E+02
2308.000  2.376905243484E+02
2310.000  2.376905239344E+02
2312.000  2.376905235217E+02
2314.000  2.376905231105E+02
2316.000  2.376905227007E+02
2318.000  2.376905222923E+02
2320.000  2.376905218853E+02
2322.000  2.376905214797E+02
2324.000  2.376905210756E+02
2326.000  2.376905206728E+02
2328.000  2.376905202714E+02
2330.000  2.376905198713E+02
2332.000  2.376905194727E+02
2334.000  2.376905190754E+02
2336.000  2.376905186794E+02
2338.000  2.376905182848E+02
2340.000  2.376905178916E+02
2342.000  2.376905174997E+02
2344.000  2.376905171092E+02
2346.000  2.376905167199E+02
2348.000  2.376905163320E+02
2350.000  2.376905159454E+02
2352.000  2.376905155602E+02
2354.000  2.376905151762E+02
2356.000  2.376905147936E+02
2358.000  2.376905144122E+02
2360.000  2.376905140321E+02
2362.000  2.376905136533E+02
2364.000  2.376905132758E+02
2366.000  2.376905128996E+02
2368.000  2.376905125247E+02
2370.000  2.376905121510E+02
2372.000  2.376905117785E+02
2374.000  2.376905114073E+02
2376.000  2.376905110374E+02
2378.000  2.376905106687E+02
2380.000  2.376905103013E+02
2382.000  2.376905099351E+02
2384.000  2.376905095701E+02
2386.000  2.376905092063E+02
2388.000  2.376905088438E+02
2390.000  2.376905084824E+02
2392.000  2.376905081223E+02
2394.000  2.376905077634E+02
2396.000  2.376905074056E+02
2398.000  2.376905070491E+02
2400.000  2.376905066938E+02
2402.000  2.376905063396E+02
2404.000  2.376905059866E+02
2406.000  2.376905056348E+02
2408.000  2.376905052841E+02
2410.000  2.376905049347E+02
2412.000  2.376905045863E+02
2414.000  2.376905042392E+02
2416.000  2.376905038931E+02
2418.000  2.376905035483E+02
2420.000  2.376905032045E+02
2422.000  2.376905028619E+02
2424.000  2.376905025204E+02
2426.000  2.376905021801E+02
2428.000  2.376905018409E+02
2430.000  2.376905015027E+02
2432.000  2.376905011657E+02
2434.000  2.376905008298E+02
2436.000  2.376905004950E+02
2438.000  2.376905001613E+02
2440.000  2.376904998287E+02
2442.000  2.376904994972E+02
2444.000  2.376904991668E+02
2446.000  2.376904988374E+02
2448.000  2.376904985092E+02
2450.000  2.376904981820E+02
2452.000  2.376904978558E+02
2454.000  2.376904975307E+02
2456.000  2.376904972067E+02
2458.000  2.376904968838E+02
2460.000  2.376904965618E+02
2462.000  2.376904962410E+02
2464.000  2.376904959211E+02
2466.000  2.376904956024E+02
2468.000  2.376904952846E+02
2470.000  2.376904949679E+02
2472.000  2.376904946522E+02
2474.000  2.376904943375E+02
2476.000  2.376904940238E+02
2478.000  2.376904937111E+02
2480.000  2.376904933995E+02
2482.000  2.376904930888E+02
2484.000  2.376904927792E+02
2486.000  2.376904924705E+02
2488.000  2.376904921629E+02
2490.000  2.376904918562E+02
2492.000  2.376904915505E+02
2494.000  2.376904912458E+02
2496.000  2.376904909421E+02
2498.000  2.376904906393E+02
2500.000  2.376904903375E+02
2502.000  2.376904900367E+02
2504.000  2.376904897368E+02
2506.000  2.376904894379E+02
2508.000  2.376904891400E+02
2510.000  2.376904888429E+02
2512.000  2.376904885469E+02
2514.000  2.376904882518E+02
2516.000  2.376904879576E+02
2518.000  2.376904876643E+02
2520.000  2.376904873720E+02
2522.000  2.376904870806E+02
2524.000  2.376904867901E+02
2526.000  2.376904865006E+02
2528.000  2.376904862119E+02
2530.000  2.376904859242E+02
2532.000  2.376904856374E+02
2534.000  2.376904853515E+02
2536.000  2.376904850665E+02
2538.000  2.376904847823E+02
2540.000  2.376904844991E+02
2542.000  2.376904842168E+02
2544.000  2.376904839354E+02
2546.000  2.376904836548E+02
2548.000  2.376904833751E+02
2550.000  2.376904830963E+02
2552.000  2.376904828184E+02
2554.000  2.376904825413E+02
2556.000  2.376904822651E+02
2558.000  2.376904819898E+02
2560.000  2.376904817153E+02
2562.000  2.376904814417E+02
2564.000  2.376904811690E+02
2566.000  2.376904808971E+02
2568.000  2.376904806260E+02
2570.000  2.376904803558E+02
2572.000  2.376904800864E+02
2574.000  2.376904798178E+02
2576.000  2.376904795501E+02
2578.000  2.376904792833E+02
2580.000  2.376904790172E+02
2582.000  2.376904787520E+02
2584.000  2.376904784876E+02
2586.000  2.376904782240E+02
2588.000  2.376904779612E+02
2590.000  2.376904776992E+02
2592.000  2.376904774381E+02
2594.000  2.376904771777E+02
2596.000  2.376904769182E+02
2598.000  2.376904766594E+02
2600.000  2.376904764014E+02
2602.000  2.376904761443E+02
2604.000  2.376904758879E+02
2606.000  2.376904756323E+02
2608.000  2.376904753775E+02
2610.000  2.376904751235E+02
2612.000  2.376904748702E+02
2614.000  2.376904746178E+02
2616.000  2.376904743661E+02
2618.000  2.376904741151E+02
2620.000  2.376904738650E+02
2622.000  2.376904736155E+02
2624.000  2.376904733669E+02
2626.000  2.376904731190E+02
2628.000  2.376904728719E+02
2630.000  2.376904726255E+02
2632.000  2.376904723799E+02
2634.000  2.376904721350E+02
2636.000  2.376904718908E+02
2638.000  2.376904716474E+02
2640.000  2.376904714047E+02
2642.000  2.376904711628E+02
2644.000  2.376904709216E+02
2646.000  2.376904706811E+02
2648.000  2.376904704414E+02
2650.000  2.376904702023E+02
2652.000  2.376904699640E+02
2654.000  2.376904697265E+02
2656.000  2.376904694896E+02
2658.000  2.376904692534E+02
2660.000  2.376904690180E+02
2662.000  2.376904687832E+02
2664.000  2.376904685492E+02
2666.000  2.376904683158E+02
2668.000  2.376904680832E+02
2670.000  2.376904678513E+02
2672.000  2.376904676200E+02
2674.000  2.376904673895E+02
2676.000  2.376904671596E+02
2678.000  2.376904669304E+02
2680.000  2.376904667019E+02
2682.000  2.376904664741E+02
2684.000  2.376904662469E+02
2686.000  2.376904660205E+02
2688.000  2.376904657947E+02
2690.000  2.376904655696E+02
2692.000  2.376904653451E+02
2694.000  2.376904651213E+02
2696.000  2.376904648982E+02
2698.000  2.376904646758E+02
2700.000  2.376904644540E+02
2702.000  2.376904642328E+02
2704.000  2.376904640123E+02
2706.000  2.376904637925E+02
2708.000  2.376904635733E+02
2710.000  2.376904633548E+02
2712.000  2.376904631369E+02
2714.000  2.376904629196E+02
2716.000  2.376904627030E+02
2718.000  2.376904624870E+02
2720.000  2.376904622716E+02
2722.000  2.376904620569E+02
2724.000  2.376904618428E+02
2726.000  2.376904616294E+02
2728.000  2.376904614166E+02
2730.000  2.376904612044E+02
2732.000  2.376904609928E+02
2734.000  2.376904607818E+02
2736.000  2.376904605714E+02
2738.000  2.376904603617E+02
2740.000  2.376904601526E+02
2742.000  2.376904599441E+02
2744.000  2.376904597362E+02
2746.000  2.376904595289E+02
2748.000  2.376904593222E+02
2750.000  2.376904591161E+02
2752.000  2.376904589106E+02
2754.000  2.376904587057E+02
2756.000  2.376904585013E+02
2758.000  2.376904582976E+02
2760.000  2.376904580945E+02
2762.000  2.376904578920E+02
2764.000  2.376904576900E+02
2766.000  2.376904574886E+02
2768.000  2.376904572879E+02
2770.000  2.376904570876E+02
2772.000  2.376904568880E+02
2774.000  2.376904566890E+02
2776.000  2.376904564905E+02
2778.000  2.376904562926E+02
2780.000  2.376904560952E+02
2782.000  2.376904558984E+02
2784.000  2.376904557022E+02
2786.000  2.376904555066E+02
2788.000  2.376904553115E+02
2790.000  2.376904551170E+02
2792.000  2.376904549230E+02
2794.000  2.376904547296E+02
2796.000  2.376904545367E+02
2798.000  2.376904543444E+02
2800.000  2.376904541526E+02
2802.000  2.376904539614E+02
2804.000  2.376904537708E+02
2806.000  2.376904535806E+02
2808.000  2.376904533911E+02
2810.000  2.376904532020E+02
2812.000  2.376904530135E+02
2814.000  2.376904528255E+02
2816.000  2.376904526381E+02
2818.000  2.376904524512E+02
2820.000  2.376904522648E+02
2822.000  2.376904520789E+02
2824.000  2.376904518936E+02
2826.000  2.376904517088E+02
2828.000  2.376904515245E+02
2830.000  2.376904513408E+02
2832.000  2.376904511576E+02
2834.000  2.376904509748E+02
2836.000  2.376904507926E+02
2838.000  2.376904506109E+02
2840.000  2.376904504298E+02
2842.000  2.376904502491E+02
2844.000  2.376904500689E+02
2846.000  2.376904498893E+02
2848.000  2.376904497101E+02
2850.000  2.376904495315E+02
2852.000  2.376904493533E+02
2854.000  2.376904491757E+02
2856.000  2.376904489985E+02
2858.000  2.376904488218E+02
2860.000  2.376904486457E+02
2862.000  2.376904484700E+02
2864.000  2.376904482948E+02
2866.000  2.376904481201E+02
2868.000  2.376904479459E+02
2870.000  2.376904477722E+02
2872.000  2.376904475990E+02
2874.000  2.376904474262E+02
2876.000  2.376904472539E+02
2878.000  2.376904470821E+02
2880.000  2.376904469108E+02
2882.000  2.376904467400E+02
2884.000  2.376904465696E+02
2886.000  2.376904463997E+02
2888.000  2.376904462303E+02
2890.000  2.376904460613E+02
2892.000  2.376904458928E+02
2894.000  2.376904457248E+02
2896.000  2.376904455572E+02
2898.000  2.376904453901E+02
2900.000  2.376904452235E+02
2902.000  2.376904450573E+02
2904.000  2.376904448916E+02
2906.000  2.376904447263E+02
2908.000  2.376904445615E+02
2910.000  2.376904443971E+02
2912.000  2.376904442332E+02
2914.000  2.376904440698E+02
2916.000  2.376904439068E+02
2918.000  2.376904437442E+02
2920.000  2.376904435821E+02
2922.000  2.376904434204E+02
2924.000  2.376904432592E+02
2926.000  2.376904430984E+02
2928.000  2.376904429380E+02
2930.000  2.376904427781E+02
2932.000  2.376904426186E+02
2934.000  2.376904424596E+02
2936.000  2.376904423009E+02
2938.000  2.376904421428E+02
2940.000  2.376904419850E+02
2942.000  2.376904418277E+02
2944.000  2.376904416708E+02
2946.000  2.376904415143E+02
2948.000  2.376904413583E+02
2950.000  2.376904412026E+02
2952.000  2.376904410474E+02
2954.000  2.376904408927E+02
2956.000  2.376904407383E+02
2958.000  2.376904405843E+02
2960.000  2.376904404308E+02
2962.000  2.376904402777E+02
2964.000  2.376904401250E+02
2966.000  2.376904399727E+02
2968.000  2.376904398208E+02
2970.000  2.376904396694E+02
2972.000  2.376904395183E+02
2974.000  2.376904393676E+02
2976.000  2.376904392174E+02
2978.000  2.376904390675E+02
2980.000  2.376904389181E+02
2982.000  2.376904387690E+02
2984.000  2.376904386204E+02
2986.000  2.376904384721E+02
2988.000  2.376904383243E+02
2990.000  2.376904381768E+02
2992.000  2.376904380297E+02
2994.000  2.376904378831E+02
2996.000  2.376904377368E+02
2998.000  2.376904375909E+02
3000.000  2.376904374454E+02
3002.000  2.376904373003E+02
3004.000  2.376904371556E+02
3006.000  2.376904370112E+02
3008.000  2.376904368673E+02
3010.000  2.376904367237E+02
3012.000  2.376904365805E+02
3014.000  2.376904364377E+02
3016.000  2.376904362952E+02
3018.000  2.376904361532E+02
3020.000  2.376904360115E+02
3022.000  2.376904358702E+02
3024.000  2.376904357292E+02
3026.000  2.376904355887E+02
3028.000  2.376904354485E+02
3030.000  2.376904353087E+02
3032.000  2.376904351692E+02
3034.000  2.376904350301E+02
3036.000  2.376904348914E+02
3038.000  2.376904347530E+02
3040.000  2.376904346151E+02
3042.000  2.376904344774E+02
3044.000  2.376904343402E+02
3046.000  2.376904342032E+02
3048.000  2.376904340667E+02
3050.000  2.376904339305E+02
3052.000  2.376904337947E+02
3054.000  2.376904336592E+02
3056.000  2.376904335241E+02
3058.000  2.376904333893E+02
3060.000  2.376904332549E+02
3062.000  2.376904331208E+02
3064.000  2.376904329871E+02
3066.000  2.376904328537E+02
3068.000  2.376904327207E+02
3070.000  2.376904325880E+02
3072.000  2.376904324557E+02
3074.000  2.376904323237E+02
3076.000  2.376904321921E+02
3078.000  2.376904320608E+02
3080.000  2.376904319298E+02
3082.000  2.376904317992E+02
3084.000  2.376904316689E+02
3086.000  2.376904315390E+02
3088.000  2.376904314094E+02
3090.000  2.376904312801E+02
3092.000  2.376904311512E+02
3094.000  2.376904310226E+02
3096.000  2.376904308943E+02
3098.000  2.376904307663E+02
3100.000  2.376904306387E+02
3102.000  2.376904305115E+02
3104.000  2.376904303845E+02
3106.000  2.376904302579E+02
3108.000  2.376904301316E+02
3110.000  2.376904300056E+02
3112.000  2.376904298799E+02
3114.000  2.376904297546E+02
3116.000  2.376904296296E+02
3118.000  2.376904295049E+02
3120.000  2.376904293805E+02
3122.000  2.376904292565E+02
3124.000  2.376904291328E+02
3126.000  2.376904290093E+02
3128.000  2.376904288862E+02
3130.000  2.376904287635E+02
3132.000  2.376904286410E+02
3134.000  2.376904285188E+02
3136.000  2.376904283970E+02
3138.000  2.376904282754E+02
3140.000  2.376904281542E+02
3142.000  2.376904280333E+02
3144.000  2.376904279127E+02
3146.000  2.376904277924E+02
3148.000  2.376904276724E+02
3150.000  2.376904275527E+02
3152.000  2.376904274333E+02
3154.000  2.376904273142E+02
3156.000  2.376904271954E+02
3158.000  2.376904270769E+02
3160.000  2.376904269587E+02
3162.000  2.376904268408E+02
3164.000  2.376904267232E+02
3166.000  2.376904266059E+02
3168.000  2.376904264889E+02
3170.000  2.376904263722E+02
3172.000  2.376904262558E+02
3174.000  2.376904261397E+02
3176.000  2.376904260239E+02
3178.000  2.376904259083E+02
3180.000  2.376904257931E+02
3182.000  2.376904256781E+02
3184.000  2.376904255635E+02
3186.000  2.376904254491E+02
3188.000  2.376904253350E+02
3190.000  2.376904252212E+02
3192.000  2.376904251077E+02
3194.000  2.376904249945E+02
3196.000  2.376904248815E+02
3198.000  2.376904247688E+02
3200.000  2.376904246565E+02
3202.000  2.376904245443E+02
3204.000  2.376904244325E+02
3206.000  2.376904243210E+02
3208.000  2.376904242097E+02
3210.000  2.376904240987E+02
3212.000  2.376904239880E+02
3214.000  2.376904238775E+02
3216.000  2.376904237674E+02
3218.000  2.376904236575E+02
3220.000  2.376904235479E+02
3222.000  2.376904234385E+02
3224.000  2.376904233294E+02
3226.000  2.376904232206E+02
3228.000  2.376904231121E+02
3230.000  2.376904230038E+02
3232.000  2.376904228958E+02
3234.000  2.376904227881E+02
3236.000  2.376904226806E+02
3238.000  2.376904225734E+02
3240.000  2.376904224665E+02
3242.000  2.376904223598E+02
3244.000  2.376904222534E+02
3246.000  2.376904221473E+02
3248.000  2.376904220414E+02
3250.000  2.376904219357E+02
3252.000  2.376904218304E+02
3254.000  2.376904217253E+02
3256.000  2.376904216204E+02
3258.000  2.376904215158E+02
3260.000  2.376904214115E+02
3262.000  2.376904213074E+02
3264.000  2.376904212036E+02
3266.000  2.376904211000E+02
3268.000  2.376904209967E+02
3270.000  2.376904208936E+02
3272.000  2.376904207908E+02
3274.000  2.376904206882E+02
3276.000  2.376904205859E+02
3278.000  2.376904204839E+02
3280.000  2.376904203821E+02
3282.000  2.376904202805E+02
3284.000  2.376904201792E+02
3286.000  2.376904200781E+02
3288.000  2.376904199773E+02
3290.000  2.376904198767E+02
3292.000  2.376904197763E+02
3294.000  2.376904196763E+02
3296.000  2.376904195764E+02
3298.000  2.376904194768E+02
3300.000  2.376904193774E+02
3302.000  2.376904192783E+02
3304.000  2.376904191794E+02
3306.000  2.376904190808E+02
3308.000  2.376904189824E+02
3310.000  2.376904188842E+02
3312.000  2.376904187862E+02
3314.000  2.376904186885E+02
3316.000  2.376904185911E+02
3318.000  2.376904184939E+02
3320.000  2.376904183969E+02
3322.000  2.376904183001E+02
3324.000  2.376904182036E+02
3326.000  2.376904181073E+02
3328.000  2.376904180112E+02
3330.000  2.376904179154E+02
3332.000  2.376904178198E+02
3334.000  2.376904177244E+02
3336.000  2.376904176293E+02
3338.000  2.376904175343E+02
3340.000  2.376904174396E+02
3342.000  2.376904173452E+02
3344.000  2.376904172509E+02
3346.000  2.376904171569E+02
3348.000  2.376904170631E+02
3350.000  2.376904169696E+02
3352.000  2.376904168762E+02
3354.000  2.376904167831E+02
3356.000  2.376904166902E+02
3358.000  2.376904165975E+02
3360.000  2.376904165051E+02
3362.000  2.376904164128E+02
3364.000  2.376904163208E+02
3366.000  2.376904162290E+02
3368.000  2.376904161374E+02
3370.000  2.376904160461E+02
3372.000  2.376904159549E+02
3374.000  2.376904158640E+02
3376.000  2.376904157733E+02
3378.000  2.376904156828E+02
3380.000  2.376904155925E+02
3382.000  2.376904155024E+02
3384.000  2.376904154126E+02
3386.000  2.376904153229E+02
3388.000  2.376904152335E+02
3390.000  2.376904151443E+02
3392.000  2.376904150552E+02
3394.000  2.376904149664E+02
3396.000  2.376904148778E+02
3398.000  2.376904147895E+02
3400.000  2.376904147013E+02
3402.000  2.376904146133E+02
3404.000  2.376904145255E+02
3406.000  2.376904144380E+02
3408.000  2.376904143506E+02
3410.000  2.376904142635E+02
3412.000  2.376904141765E+02
3414.000  2.376904140898E+02
3416.000  2.376904140032E+02
3418.000  2.376904139169E+02
3420.000  2.376904138308E+02
3422.000  2.376904137448E+02
3424.000  2.376904136591E+02
3426.000  2.376904135736E+02
3428.000  2.376904134882E+02
3430.000  2.376904134031E+02
3432.000  2.376904133182E+02
3434.000  2.376904132334E+02
3436.000  2.376904131489E+02
3438.000  2.376904130646E+02
3440.000  2.376904129804E+02
3442.000  2.376904128965E+02
3444.000  2.376904128127E+02
3446.000  2.376904127291E+02
3448.000  2.376904126458E+02
3450.000  2.376904125626E+02
3452.000  2.376904124796E+02
3454.000  2.376904123968E+02
3456.000  2.376904123142E+02
3458.000  2.376904122318E+02
3460.000  2.376904121496E+02
3462.000  2.376904120675E+02
3464.000  2.376904119857E+02
3466.000  2.376904119041E+02
3468.000  2.376904118226E+02
3470.000  2.376904117413E+02
3472.000  2.376904116602E+02
3474.000  2.376904115793E+02
3476.000  2.376904114986E+02
3478.000  2.376904114181E+02
3480.000  2.376904113377E+02
3482.000  2.376904112576E+02
3484.000  2.376904111776E+02
3486.000  2.376904110978E+02
3488.000  2.376904110182E+02
3490.000  2.376904109388E+02
3492.000  2.376904108595E+02
3494.000  2.376904107805E+02
3496.000  2.376904107016E+02
3498.000  2.376904106229E+02
3500.000  2.376904105444E+02
3502.000  2.376904104660E+02
3504.000  2.376904103878E+02
3506.000  2.376904103099E+02
3508.000  2.376904102320E+02
3510.000  2.376904101544E+02
3512.000  2.376904100770E+02
3514.000  2.376904099997E+02
3516.000  2.376904099226E+02
3518.000  2.376904098456E+02
3520.000  2.376904097689E+02
3522.000  2.376904096923E+02
3524.000  2.376904096159E+02
3526.000  2.376904095397E+02
3528.000  2.376904094636E+02
3530.000  2.376904093877E+02
3532.000  2.376904093120E+02
3534.000  2.376904092365E+02
3536.000  2.376904091611E+02
3538.000  2.376904090859E+02
3540.000  2.376904090109E+02
3542.000  2.376904089360E+02
3544.000  2.376904088613E+02
3546.000  2.376904087868E+02
3548.000  2.376904087124E+02
3550.000  2.376904086382E+02
3552.000  2.376904085642E+02
3554.000  2.376904084903E+02
3556.000  2.376904084167E+02
3558.000  2.376904083431E+02
3560.000  2.376904082698E+02
3562.000  2.376904081966E+02
3564.000  2.376904081235E+02
3566.000  2.376904080507E+02
3568.000  2.376904079780E+02
3570.000  2.376904079054E+02
3572.000  2.376904078330E+02
3574.000  2.376904077608E+02
3576.000  2.376904076888E+02
3578.000  2.376904076169E+02
3580.000  2.376904075451E+02
3582.000  2.376904074736E+02
3584.000  2.376904074022E+02
3586.000  2.376904073309E+02
3588.000  2.376904072598E+02
3590.000  2.376904071889E+02
3592.000  2.376904071181E+02
3594.000  2.376904070475E+02
3596.000  2.376904069770E+02
3598.000  2.376904069067E+02
3600.000  2.376904068365E+02
3602.000  2.376904067665E+02
3604.000  2.376904066967E+02
3606.000  2.376904066270E+02
3608.000  2.376904065575E+02
3610.000  2.376904064881E+02
3612.000  2.376904064189E+02
3614.000  2.376904063498E+02
3616.000  2.376904062809E+02
3618.000  2.376904062121E+02
3620.000  2.376904061435E+02
3622.000  2.376904060750E+02
3624.000  2.376904060067E+02
3626.000  2.376904059386E+02
3628.000  2.376904058705E+02
3630.000  2.376904058027E+02
3632.000  2.376904057350E+02
3634.000  2.376904056674E+02
3636.000  2.376904056000E+02
3638.000  2.376904055327E+02
3640.000  2.376904054656E+02
3642.000  2.376904053986E+02
3644.000  2.376904053318E+02
3646.000  2.376904052651E+02
3648.000  2.376904051986E+02
3650.000  2.376904051322E+02
3652.000  2.376904050660E+02
3654.000  2.376904049999E+02
3656.000  2.376904049339E+02
3658.000  2.376904048681E+02
3660.000  2.376904048025E+02
3662.000  2.376904047369E+02
3664.000  2.376904046716E+02
3666.000  2.376904046063E+02
3668.000  2.376904045412E+02
3670.000  2.376904044763E+02
3672.000  2.376904044115E+02
3674.000  2.376904043468E+02
3676.000  2.376904042823E+02
3678.000  2.376904042179E+02
3680.000  2.376904041536E+02
3682.000  2.376904040895E+02
3684.000  2.376904040256E+02
3686.000  2.376904039617E+02
3688.000  2.376904038980E+02
3690.000  2.376904038345E+02
3692.000  2.376904037711E+02
3694.000  2.376904037078E+02
3696.000  2.376904036447E+02
3698.000  2.376904035816E+02
3700.000  2.376904035188E+02
3702.000  2.376904034560E+02
3704.000  2.376904033934E+02
3706.000  2.376904033310E+02
3708.000  2.376904032687E+02
3710.000  2.376904032065E+02
3712.000  2.376904031444E+02
3714.000  2.376904030825E+02
3716.000  2.376904030207E+02
3718.000  2.376904029590E+02
3720.000  2.376904028975E+02
3722.000  2.376904028361E+02
3724.000  2.376904027748E+02
3726.000  2.376904027137E+02
3728.000  2.376904026527E+02
3730.000  2.376904025918E+02
3732.000  2.376904025311E+02
3734.000  2.376904024705E+02
3736.000  2.376904024100E+02
3738.000  2.376904023497E+02
3740.000  2.376904022894E+02
3742.000  2.376904022293E+02
3744.000  2.376904021694E+02
3746.000  2.376904021095E+02
3748.000  2.376904020498E+02
3750.000  2.376904019902E+02
3752.000  2.376904019308E+02
3754.000  2.376904018715E+02
3756.000  2.376904018123E+02
3758.000  2.376904017532E+02
3760.000  2.376904016942E+02
3762.000  2.376904016354E+02
3764.000  2.376904015767E+02
3766.000  2.376904015181E+02
3768.000  2.376904014597E+02
3770.000  2.376904014014E+02
3772.000  2.376904013432E+02
3774.000  2.376904012851E+02
3776.000  2.376904012271E+02
3778.000  2.376904011693E+02
3780.000  2.376904011116E+02
3782.000  2.376904010540E+02
3784.000  2.376904009965E+02
3786.000  2.376904009392E+02
3788.000  2.376904008819E+02
3790.000  2.376904008248E+02
3792.000  2.376904007678E+02
3794.000  2.376904007110E+02
3796.000  2.376904006542E+02
3798.000  2.376904005976E+02
3800.000  2.376904005411E+02
3802.000  2.376904004847E+02
3804.000  2.376904004284E+02
3806.000  2.376904003723E+02
3808.000  2.376904003163E+02
3810.000  2.376904002603E+02
3812.000  2.376904002045E+02
3814.000  2.376904001489E+02
3816.000  2.376904000933E+02
3818.000  2.376904000379E+02
3820.000  2.376903999825E+02
3822.000  2.376903999273E+02
3824.000  2.376903998722E+02
3826.000  2.376903998172E+02
3828.000  2.376903997624E+02
3830.000  2.376903997076E+02
3832.000  2.376903996530E+02
3834.000  2.376903995984E+02
3836.000  2.376903995440E+02
3838.000  2.376903994897E+02
3840.000  2.376903994355E+02
3842.000  2.376903993814E+02
3844.000  2.376903993275E+02
3846.000  2.376903992736E+02
3848.000  2.376903992199E+02
3850.000  2.376903991663E+02
3852.000  2.376903991128E+02
3854.000  2.376903990593E+02
3856.000  2.376903990061E+02
3858.000  2.376903989529E+02
3860.000  2.376903988998E+02
3862.000  2.376903988468E+02
3864.000  2.376903987940E+02
3866.000  2.376903987412E+02
3868.000  2.376903986886E+02
3870.000  2.376903986361E+02
3872.000  2.376903985837E+02
3874.000  2.376903985313E+02
3876.000  2.376903984791E+02
3878.000  2.376903984270E+02
3880.000  2.376903983751E+02
3882.000  2.376903983232E+02
3884.000  2.376903982714E+02
3886.000  2.376903982197E+02
3888.000  2.376903981682E+02
3890.000  2.376903981167E+02
3892.000  2.376903980654E+02
3894.000  2.376903980141E+02
3896.000  2.376903979630E+02
3898.000  2.376903979120E+02
3900.000  2.376903978610E+02
3902.000  2.376903978102E+02
3904.000  2.376903977595E+02
3906.000  2.376903977089E+02
3908.000  2.376903976584E+02
3910.000  2.376903976080E+02
3912.000  2.376903975576E+02
3914.000  2.376903975074E+02
3916.000  2.376903974573E+02
3918.000  2.376903974073E+02
3920.000  2.376903973574E+02
3922.000  2.376903973076E+02
3924.000  2.376903972580E+02
3926.000  2.376903972084E+02
3928.000  2.376903971589E+02
3930.000  2.376903971095E+02
3932.000  2.376903970602E+02
3934.000  2.376903970110E+02
3936.000  2.376903969619E+02
3938.000  2.376903969129E+02
3940.000  2.376903968640E+02
3942.000  2.376903968152E+02
3944.000  2.376903967665E+02
3946.000  2.376903967179E+02
3948.000  2.376903966695E+02
3950.000  2.376903966211E+02
3952.000  2.376903965728E+02
3954.000  2.376903965246E+02
3956.000  2.376903964764E+02
3958.000  2.376903964284E+02
3960.000  2.376903963805E+02
3962.000  2.376903963327E+02
3964.000  2.376903962850E+02
3966.000  2.376903962374E+02
3968.000  2.376903961899E+02
3970.000  2.376903961424E+02
3972.000  2.376903960951E+02
3974.000  2.376903960478E+02
3976.000  2.376903960007E+02
3978.000  2.376903959537E+02
3980.000  2.376903959067E+02
3982.000  2.376903958598E+02
3984.000  2.376903958131E+02
3986.000  2.376903957664E+02
3988.000  2.376903957198E+02
3990.000  2.376903956733E+02
3992.000  2.376903956269E+02
3994.000  2.376903955806E+02
3996.000  2.376903955344E+02
3998.000  2.376903954883E+02
4000.000  2.376903954423E+02
4002.000  2.376903953964E+02
4004.000  2.376903953505E+02
4006.000  2.376903953048E+02
4008.000  2.376903952591E+02
4010.000  2.376903952136E+02
4012.000  2.376903951681E+02
4014.000  2.376903951227E+02
4016.000  2.376903950774E+02
4018.000  2.376903950322E+02
4020.000  2.376903949871E+02
4022.000  2.376903949421E+02
4024.000  2.376903948971E+02
4026.000  2.376903948523E+02
4028.000  2.376903948075E+02
4030.000  2.376903947629E+02
4032.000  2.376903947183E+02
4034.000  2.376903946738E+02
4036.000  2.376903946294E+02
4038.000  2.376903945851E+02
4040.000  2.376903945409E+02
4042.000  2.376903944967E+02
4044.000  2.376903944527E+02
4046.000  2.376903944087E+02
4048.000  2.376903943648E+02
4050.000  2.376903943210E+02
4052.000  2.376903942773E+02
4054.000  2.376903942337E+02
4056.000  2.376903941902E+02
4058.000  2.376903941467E+02
4060.000  2.376903941034E+02
4062.000  2.376903940601E+02
4064.000  2.376903940169E+02
4066.000  2.376903939738E+02
4068.000  2.376903939308E+02
4070.000  2.376903938878E+02
4072.000  2.376903938450E+02
4074.000  2.376903938022E+02
4076.000  2.376903937595E+02
4078.000  2.376903937169E+02
4080.000  2.376903936744E+02
4082.000  2.376903936320E+02
4084.000  2.376903935896E+02
4086.000  2.376903935474E+02
4088.000  2.376903935052E+02
4090.000  2.376903934631E+02
4092.000  2.376903934211E+02
4094.000  2.376903933791E+02
4096.000  2.376903933373E+02
4098.000  2.376903932955E+02
4100.000  2.376903932538E+02
4102.000  2.376903932122E+02
4104.000  2.376903931707E+02
4106.000  2.376903931292E+02
4108.000  2.376903930878E+02
4110.000  2.376903930466E+02
4112.000  2.376903930053E+02
4114.000  2.376903929642E+02
4116.000  2.376903929232E+02
4118.000  2.376903928822E+02
4120.000  2.376903928413E+02
4122.000  2.376903928005E+02
4124.000  2.376903927598E+02
4126.000  2.376903927191E+02
4128.000  2.376903926785E+02
4130.000  2.376903926381E+02
4132.000  2.376903925976E+02
4134.000  2.376903925573E+02
4136.000  2.376903925170E+02
4138.000  2.376903924769E+02
4140.000  2.376903924368E+02
4142.000  2.376903923967E+02
4144.000  2.376903923568E+02
4146.000  2.376903923169E+02
4148.000  2.376903922771E+02
4150.000  2.376903922374E+02
4152.000  2.376903921977E+02
4154.000  2.376903921582E+02
4156.000  2.376903921187E+02
4158.000  2.376903920793E+02
4160.000  2.376903920399E+02
4162.000  2.376903920007E+02
4164.000  2.376903919615E+02
4166.000  2.376903919224E+02
4168.000  2.376903918833E+02
4170.000  2.376903918444E+02
4172.000  2.376903918055E+02
4174.000  2.376903917667E+02
4176.000  2.376903917279E+02
4178.000  2.376903916893E+02
4180.000  2.376903916507E+02
4182.000  2.376903916122E+02
4184.000  2.376903915737E+02
4186.000  2.376903915353E+02
4188.000  2.376903914971E+02
4190.000  2.376903914588E+02
4192.000  2.376903914207E+02
4194.000  2.376903913826E+02
4196.000  2.376903913446E+02
4198.000  2.376903913067E+02
4200.000  2.376903912688E+02
4202.000  2.376903912310E+02
4204.000  2.376903911933E+02
4206.000  2.376903911556E+02
4208.000  2.376903911181E+02
4210.000  2.376903910806E+02
4212.000  2.376903910431E+02
4214.000  2.376903910058E+02
4216.000  2.376903909685E+02
4218.000  2.376903909313E+02
4220.000  2.376903908941E+02
4222.000  2.376903908570E+02
4224.000  2.376903908200E+02
4226.000  2.376903907831E+02
4228.000  2.376903907462E+02
4230.000  2.376903907094E+02
4232.000  2.376903906727E+02
4234.000  2.376903906360E+02
4236.000  2.376903905995E+02
4238.000  2.376903905629E+02
4240.000  2.376903905265E+02
4242.000  2.376903904901E+02
4244.000  2.376903904538E+02
4246.000  2.376903904175E+02
4248.000  2.376903903814E+02
4250.000  2.376903903453E+02
4252.000  2.376903903092E+02
4254.000  2.376903902732E+02
4256.000  2.376903902373E+02
4258.000  2.376903902015E+02
4260.000  2.376903901657E+02
4262.000  2.376903901300E+02
4264.000  2.376903900944E+02
4266.000  2.376903900588E+02
4268.000  2.376903900233E+02
4270.000  2.376903899879E+02
4272.000  2.376903899525E+02
4274.000  2.376903899172E+02
4276.000  2.376903898819E+02
4278.000  2.376903898468E+02
4280.000  2.376903898117E+02
4282.000  2.376903897766E+02
4284.000  2.376903897416E+02
4286.000  2.376903897067E+02
4288.000  2.376903896719E+02
4290.000  2.376903896371E+02
4292.000  2.376903896024E+02
4294.000  2.376903895677E+02
4296.000  2.376903895331E+02
4298.000  2.376903894986E+02
4300.000  2.376903894642E+02
4302.000  2.376903894298E+02
4304.000  2.376903893954E+02
4306.000  2.376903893612E+02
4308.000  2.376903893270E+02
4310.000  2.376903892928E+02
4312.000  2.376903892587E+02
4314.000  2.376903892247E+02
4316.000  2.376903891908E+02
4318.000  2.376903891569E+02
4320.000  2.376903891231E+02
4322.000  2.376903890893E+02
4324.000  2.376903890556E+02
4326.000  2.376903890220E+02
4328.000  2.376903889884E+02
4330.000  2.376903889549E+02
4332.000  2.376903889214E+02
4334.000  2.376903888880E+02
4336.000  2.376903888547E+02
4338.000  2.376903888214E+02
4340.000  2.376903887882E+02
4342.000  2.376903887551E+02
4344.000  2.376903887220E+02
4346.000  2.376903886890E+02
4348.000  2.376903886560E+02
4350.000  2.376903886231E+02
4352.000  2.376903885903E+02
4354.000  2.376903885575E+02
4356.000  2.376903885248E+02
4358.000  2.376903884921E+02
4360.000  2.376903884595E+02
4362.000  2.376903884270E+02
4364.000  2.376903883945E+02
4366.000  2.376903883621E+02
4368.000  2.376903883297E+02
4370.000  2.376903882974E+02
4372.000  2.376903882652E+02
4374.000  2.376903882330E+02
4376.000  2.376903882009E+02
4378.000  2.376903881688E+02
4380.000  2.376903881368E+02
4382.000  2.376903881048E+02
4384.000  2.376903880729E+02
4386.000  2.376903880411E+02
4388.000  2.376903880093E+02
4390.000  2.376903879776E+02
4392.000  2.376903879459E+02
4394.000  2.376903879143E+02
4396.000  2.376903878828E+02
4398.000  2.376903878513E+02
4400.000  2.376903878199E+02
4402.000  2.376903877885E+02
4404.000  2.376903877572E+02
4406.000  2.376903877259E+02
4408.000  2.376903876947E+02
4410.000  2.376903876636E+02
4412.000  2.376903876325E+02
4414.000  2.376903876014E+02
4416.000  2.376903875705E+02
4418.000  2.376903875395E+02
4420.000  2.376903875087E+02
4422.000  2.376903874779E+02
4424.000  2.376903874471E+02
4426.000  2.376903874164E+02
4428.000  2.376903873858E+02
4430.000  2.376903873552E+02
4432.000  2.376903873247E+02
4434.000  2.376903872942E+02
4436.000  2.376903872638E+02
4438.000  2.376903872334E+02
4440.000  2.376903872031E+02
4442.000  2.376903871728E+02
4444.000  2.376903871426E+02
4446.000  2.376903871125E+02
4448.000  2.376903870824E+02
4450.000  2.376903870523E+02
4452.000  2.376903870223E+02
4454.000  2.376903869924E+02
4456.000  2.376903869625E+02
4458.000  2.376903869327E+02
4460.000  2.376903869029E+02
4462.000  2.376903868732E+02
4464.000  2.376903868435E+02
4466.000  2.376903868139E+02
4468.000  2.376903867844E+02
4470.000  2.376903867549E+02
4472.000  2.376903867254E+02
4474.000  2.376903866960E+02
4476.000  2.376903866666E+02
4478.000  2.376903866373E+02
4480.000  2.376903866081E+02
4482.000  2.376903865789E+02
4484.000  2.376903865498E+02
4486.000  2.376903865207E+02
4488.000  2.376903864916E+02
4490.000  2.376903864627E+02
4492.000  2.376903864337E+02
4494.000  2.376903864048E+02
4496.000  2.376903863760E+02
4498.000  2.376903863472E+02
4500.000  2.376903863185E+02
4502.000  2.376903862898E+02
4504.000  2.376903862612E+02
4506.000  2.376903862326E+02
4508.000  2.376903862041E+02
4510.000  2.376903861756E+02
4512.000  2.376903861472E+02
4514.000  2.376903861188E+02
4516.000  2.376903860905E+02
4518.000  2.376903860622E+02
4520.000  2.376903860340E+02
4522.000  2.376903860058E+02
4524.000  2.376903859777E+02
4526.000  2.376903859496E+02
4528.000  2.376903859216E+02
4530.000  2.376903858936E+02
4532.000  2.376903858657E+02
4534.000  2.376903858378E+02
4536.000  2.376903858100E+02
4538.000  2.376903857822E+02
4540.000  2.376903857545E+02
4542.000  2.376903857268E+02
4544.000  2.376903856992E+02
4546.000  2.376903856716E+02
4548.000  2.376903856441E+02
4550.000  2.376903856166E+02
4552.000  2.376903855892E+02
4554.000  2.376903855618E+02
4556.000  2.376903855344E+02
4558.000  2.376903855071E+02
4560.000  2.376903854799E+02
4562.000  2.376903854527E+02
4564.000  2.376903854255E+02
4566.000  2.376903853984E+02
4568.000  2.376903853714E+02
4570.000  2.376903853444E+02
4572.000  2.376903853174E+02
4574.000  2.376903852905E+02
4576.000  2.376903852636E+02
4578.000  2.376903852368E+02
4580.000  2.376903852100E+02
4582.000  2.376903851833E+02
4584.000  2.376903851566E+02
4586.000  2.376903851300E+02
4588.000  2.376903851034E+02
4590.000  2.376903850769E+02
4592.000  2.376903850504E+02
4594.000  2.376903850239E+02
4596.000  2.376903849975E+02
4598.000  2.376903849712E+02
4600.000  2.376903849449E+02
4602.000  2.376903849186E+02
4604.000  2.376903848924E+02
4606.000  2.376903848662E+02
4608.000  2.376903848401E+02
4610.000  2.376903848140E+02
4612.000  2.376903847880E+02
4614.000  2.376903847620E+02
4616.000  2.376903847360E+02
4618.000  2.376903847101E+02
4620.000  2.376903846843E+02
4622.000  2.376903846584E+02
4624.000  2.376903846327E+02
4626.000  2.376903846070E+02
4628.000  2.376903845813E+02
4630.000  2.376903845556E+02
4632.000  2.376903845301E+02
4634.000  2.376903845045E+02
4636.000  2.376903844790E+02
4638.000  2.376903844535E+02
4640.000  2.376903844281E+02
4642.000  2.376903844028E+02
4644.000  2.376903843774E+02
4646.000  2.376903843521E+02
4648.000  2.376903843269E+02
4650.000  2.376903843017E+02
4652.000  2.376903842766E+02
4654.000  2.376903842515E+02
4656.000  2.376903842264E+02
4658.000  2.376903842014E+02
4660.000  2.376903841764E+02
4662.000  2.376903841514E+02
4664.000  2.376903841265E+02
4666.000  2.376903841017E+02
4668.000  2.376903840769E+02
4670.000  2.376903840521E+02
4672.000  2.376903840274E+02
4674.000  2.376903840027E+02
4676.000  2.376903839781E+02
4678.000  2.376903839535E+02
4680.000  2.376903839289E+02
4682.000  2.376903839044E+02
4684.000  2.376903838799E+02
4686.000  2.376903838555E+02
4688.000  2.376903838311E+02
4690.000  2.376903838068E+02
4692.000  2.376903837825E+02
4694.000  2.376903837582E+02
4696.000  2.376903837340E+02
4698.000  2.376903837098E+02
4700.000  2.376903836856E+02
4702.000  2.376903836615E+02
4704.000  2.376903836375E+02
4706.000  2.376903836135E+02
4708.000  2.376903835895E+02
4710.000  2.376903835656E+02
4712.000  2.376903835417E+02
4714.000  2.376903835178E+02
4716.000  2.376903834940E+02
4718.000  2.376903834702E+02
4720.000  2.376903834465E+02
4722.000  2.376903834228E+02
4724.000  2.376903833991E+02
4726.000  2.376903833755E+02
4728.000  2.376903833519E+02
4730.000  2.376903833284E+02
4732.000  2.376903833049E+02
4734.000  2.376903832815E+02
4736.000  2.376903832580E+02
4738.000  2.376903832347E+02
4740.000  2.376903832113E+02
4742.000  2.376903831880E+02
4744.000  2.376903831648E+02
4746.000  2.376903831416E+02
4748.000  2.376903831184E+02
4750.000  2.376903830952E+02
4752.000  2.376903830721E+02
4754.000  2.376903830491E+02
4756.000  2.376903830261E+02
4758.000  2.376903830031E+02
4760.000  2.376903829801E+02
4762.000  2.376903829572E+02
4764.000  2.376903829343E+02
4766.000  2.376903829115E+02
4768.000  2.376903828887E+02
4770.000  2.376903828660E+02
4772.000  2.376903828433E+02
4774.000  2.376903828206E+02
4776.000  2.376903827979E+02
4778.000  2.376903827753E+02
4780.000  2.376903827528E+02
4782.000  2.376903827302E+02
4784.000  2.376903827078E+02
4786.000  2.376903826853E+02
4788.000  2.376903826629E+02
4790.000  2.376903826405E+02
4792.000  2.376903826182E+02
4794.000  2.376903825959E+02
4796.000  2.376903825736E+02
4798.000  2.376903825514E+02
4800.000  2.376903825292E+02
4802.000  2.376903825070E+02
4804.000  2.376903824849E+02
4806.000  2.376903824628E+02
4808.000  2.376903824408E+02
4810.000  2.376903824188E+02
4812.000  2.376903823968E+02
4814.000  2.376903823749E+02
4816.000  2.376903823530E+02
4818.000  2.376903823311E+02
4820.000  2.376903823093E+02
4822.000  2.376903822875E+02
4824.000  2.376903822658E+02
4826.000  2.376903822440E+02
4828.000  2.376903822224E+02
4830.000  2.376903822007E+02
4832.000  2.376903821791E+02
4834.000  2.376903821575E+02
4836.000  2.376903821360E+02
4838.000  2.376903821145E+02
4840.000  2.376903820930E+02
4842.000  2.376903820716E+02
4844.000  2.376903820502E+02
4846.000  2.376903820288E+02
4848.000  2.376903820075E+02
4850.000  2.376903819862E+02
4852.000  2.376903819650E+02
4854.000  2.376903819438E+02
4856.000  2.376903819226E+02
4858.000  2.376903819014E+02
4860.000  2.376903818803E+02
4862.000  2.376903818592E+02
4864.000  2.376903818382E+02
4866.000  2.376903818172E+02
4868.000  2.376903817962E+02
4870.000  2.376903817753E+02
4872.000  2.376903817543E+02
4874.000  2.376903817335E+02
4876.000  2.376903817126E+02
4878.000  2.376903816918E+02
4880.000  2.376903816711E+02
4882.000  2.376903816503E+02
4884.000  2.376903816296E+02
4886.000  2.376903816089E+02
4888.000  2.376903815883E+02
4890.000  2.376903815677E+02
4892.000  2.376903815471E+02
4894.000  2.376903815266E+02
4896.000  2.376903815061E+02
4898.000  2.376903814856E+02
4900.000  2.376903814652E+02
4902.000  2.376903814448E+02
4904.000  2.376903814244E+02
4906.000  2.376903814041E+02
4908.000  2.376903813838E+02
4910.000  2.376903813635E+02
4912.000  2.376903813433E+02
4914.000  2.376903813231E+02
4916.000  2.376903813029E+02
4918.000  2.376903812828E+02
4920.000  2.376903812627E+02
4922.000  2.376903812426E+02
4924.000  2.376903812226E+02
4926.000  2.376903812026E+02
4928.000  2.376903811826E+02
4930.000  2.376903811627E+02
4932.000  2.376903811428E+02
4934.000  2.376903811229E+02
4936.000  2.376903811030E+02
4938.000  2.376903810832E+02
4940.000  2.376903810634E+02
4942.000  2.376903810437E+02
4944.000  2.376903810240E+02
4946.000  2.376903810043E+02
4948.000  2.376903809846E+02
4950.000  2.376903809650E+02
4952.000  2.376903809454E+02
4954.000  2.376903809259E+02
4956.000  2.376903809064E+02
4958.000  2.376903808869E+02
4960.000  2.376903808674E+02
4962.000  2.376903808480E+02
4964.000  2.376903808286E+02
4966.000  2.376903808092E+02
4968.000  2.376903807899E+02
4970.000  2.376903807706E+02
4972.000  2.376903807513E+02
4974.000  2.376903807320E+02
4976.000  2.376903807128E+02
4978.000  2.376903806936E+02
4980.000  2.376903806745E+02
4982.000  2.376903806554E+02
4984.000  2.376903806363E+02
4986.000  2.376903806172E+02
4988.000  2.376903805982E+02
4990.000  2.376903805792E+02
4992.000  2.376903805602E+02
4994.000  2.376903805413E+02
4996.000  2.376903805224E+02
4998.000  2.376903805035E+02
5000.000  2.376903804847E+02

 INSTRUCTION : END                                                                             

 NORMAL JOB TERMINATION.  STOP.
