 Begin Bound-State Code

 INSTRUCTION : OUT 0 0 0 0 0 0 0 0 0 0 0 0 0 0 0 0 0 0 0 1 0 0 0 0 3                           


 INSTRUCTION : ROT 5 5 1                                                                       


 INSTRUCTION : PARITY +1                                                                       


 INSTRUCTION : POT SPNOFF                                                                      

 **** Calculate multichannel bound-states ****
 

 Subroutine POT for atom atom Collisions has been called.  POT Currently Setup For:
     LA2= 2     SA2= 1     IA2= 3     LB2= 0     SB2=JB2= 1     IB2= 3

 Parity of atom A ((-1)**IPARA):-1     Parity of atom B ((-1)**IPARB): 1


 LMOL=.FALSE.  Therefore Scattering Calculations will be done in the Hund's case(e) representation.

 IDENT=.TRUE.  This Program Assumes that you have Identical Nuclei dissociating to Different Fragment
Electronic States that are g/u symmetrized.
 
 dipole strength:    8.93800000000000     


  The ZERO of Energy is taken at the BARYCENTER of the JA2=  1  atom plus the  2S atom.
     USE FA2_ZERO and FB2_ZERO to shift to a Hyperfine ASYMPTOTE and USE EZERO for an arbitrary shift relative to an asymptote


  
      NMX =                   216
       E0 =   6.312104876887246E-006  a0^{-2} to a.u.
  HARTREE =    219474.630680000       a.u. to cm^{-1}
      GHz =    6579683.90001994       a.u. to GHz

 INSTRUCTION : DIAG 100 5000 2                                                                 

 100.000  2.357286946987E+02
 102.000  2.358418392500E+02
 104.000  2.359464472221E+02
 106.000  2.360433087546E+02
 108.000  2.361331278256E+02
 110.000  2.362165330163E+02
 112.000  2.362940867667E+02
 114.000  2.363662933546E+02
 116.000  2.364336057936E+02
 118.000  2.364964318110E+02
 120.000  2.365551390433E+02
 122.000  2.366100595606E+02
 124.000  2.366614938170E+02
 126.000  2.367097141074E+02
 128.000  2.367549675991E+02
 130.000  2.367974789959E+02
 132.000  2.368374528845E+02
 134.000  2.368750758044E+02
 136.000  2.369105180786E+02
 138.000  2.369439354346E+02
 140.000  2.369754704427E+02
 142.000  2.370052537957E+02
 144.000  2.370334054464E+02
 146.000  2.370600356243E+02
 148.000  2.370852457422E+02
 150.000  2.371091292084E+02
 152.000  2.371317721540E+02
 154.000  2.371532540862E+02
 156.000  2.371736484746E+02
 158.000  2.371930232797E+02
 160.000  2.372114414289E+02
 162.000  2.372289612460E+02
 164.000  2.372456368391E+02
 166.000  2.372615184525E+02
 168.000  2.372766527841E+02
 170.000  2.372910832745E+02
 172.000  2.373048503688E+02
 174.000  2.373179917550E+02
 176.000  2.373305425807E+02
 178.000  2.373425356506E+02
 180.000  2.373540016068E+02
 182.000  2.373649690933E+02
 184.000  2.373754649065E+02
 186.000  2.373855141323E+02
 188.000  2.373951402728E+02
 190.000  2.374043653611E+02
 192.000  2.374132100677E+02
 194.000  2.374216937980E+02
 196.000  2.374298347809E+02
 198.000  2.374376501523E+02
 200.000  2.374451560298E+02
 202.000  2.374523675832E+02
 204.000  2.374592990987E+02
 206.000  2.374659640384E+02
 208.000  2.374723750952E+02
 210.000  2.374785442436E+02
 212.000  2.374844827868E+02
 214.000  2.374902013999E+02
 216.000  2.374957101707E+02
 218.000  2.375010186365E+02
 220.000  2.375061358195E+02
 222.000  2.375110702583E+02
 224.000  2.375158300383E+02
 226.000  2.375204228194E+02
 228.000  2.375248558618E+02
 230.000  2.375291360503E+02
 232.000  2.375332699167E+02
 234.000  2.375372636605E+02
 236.000  2.375411231688E+02
 238.000  2.375448540345E+02
 240.000  2.375484615729E+02
 242.000  2.375519508381E+02
 244.000  2.375553266375E+02
 246.000  2.375585935463E+02
 248.000  2.375617559196E+02
 250.000  2.375648179055E+02
 252.000  2.375677834559E+02
 254.000  2.375706563377E+02
 256.000  2.375734401423E+02
 258.000  2.375761382958E+02
 260.000  2.375787540670E+02
 262.000  2.375812905762E+02
 264.000  2.375837508030E+02
 266.000  2.375861375937E+02
 268.000  2.375884536680E+02
 270.000  2.375907016256E+02
 272.000  2.375928839523E+02
 274.000  2.375950030260E+02
 276.000  2.375970611218E+02
 278.000  2.375990604174E+02
 280.000  2.376010029978E+02
 282.000  2.376028908599E+02
 284.000  2.376047259169E+02
 286.000  2.376065100022E+02
 288.000  2.376082448733E+02
 290.000  2.376099322155E+02
 292.000  2.376115736455E+02
 294.000  2.376131707142E+02
 296.000  2.376147249102E+02
 298.000  2.376162376626E+02
 300.000  2.376177103435E+02
 302.000  2.376191442711E+02
 304.000  2.376205407117E+02
 306.000  2.376219008824E+02
 308.000  2.376232259532E+02
 310.000  2.376245170490E+02
 312.000  2.376257752518E+02
 314.000  2.376270016024E+02
 316.000  2.376281971024E+02
 318.000  2.376293627160E+02
 320.000  2.376304993711E+02
 322.000  2.376316079615E+02
 324.000  2.376326893482E+02
 326.000  2.376337443604E+02
 328.000  2.376347737974E+02
 330.000  2.376357784293E+02
 332.000  2.376367589990E+02
 334.000  2.376377162225E+02
 336.000  2.376386507905E+02
 338.000  2.376395633693E+02
 340.000  2.376404546018E+02
 342.000  2.376413251085E+02
 344.000  2.376421754886E+02
 346.000  2.376430063202E+02
 348.000  2.376438181618E+02
 350.000  2.376446115531E+02
 352.000  2.376453870150E+02
 354.000  2.376461450514E+02
 356.000  2.376468861488E+02
 358.000  2.376476107778E+02
 360.000  2.376483193933E+02
 362.000  2.376490124353E+02
 364.000  2.376496903291E+02
 366.000  2.376503534865E+02
 368.000  2.376510023058E+02
 370.000  2.376516371722E+02
 372.000  2.376522584590E+02
 374.000  2.376528665272E+02
 376.000  2.376534617266E+02
 378.000  2.376540443957E+02
 380.000  2.376546148626E+02
 382.000  2.376551734451E+02
 384.000  2.376557204509E+02
 386.000  2.376562561786E+02
 388.000  2.376567809172E+02
 390.000  2.376572949471E+02
 392.000  2.376577985401E+02
 394.000  2.376582919597E+02
 396.000  2.376587754615E+02
 398.000  2.376592492935E+02
 400.000  2.376597136962E+02
 402.000  2.376601689030E+02
 404.000  2.376606151404E+02
 406.000  2.376610526282E+02
 408.000  2.376614815798E+02
 410.000  2.376619022024E+02
 412.000  2.376623146973E+02
 414.000  2.376627192597E+02
 416.000  2.376631160794E+02
 418.000  2.376635053408E+02
 420.000  2.376638872229E+02
 422.000  2.376642618999E+02
 424.000  2.376646295408E+02
 426.000  2.376649903101E+02
 428.000  2.376653443675E+02
 430.000  2.376656918683E+02
 432.000  2.376660329638E+02
 434.000  2.376663678007E+02
 436.000  2.376666965220E+02
 438.000  2.376670192667E+02
 440.000  2.376673361699E+02
 442.000  2.376676473633E+02
 444.000  2.376679529748E+02
 446.000  2.376682531290E+02
 448.000  2.376685479473E+02
 450.000  2.376688375476E+02
 452.000  2.376691220449E+02
 454.000  2.376694015511E+02
 456.000  2.376696761752E+02
 458.000  2.376699460233E+02
 460.000  2.376702111988E+02
 462.000  2.376704718023E+02
 464.000  2.376707279320E+02
 466.000  2.376709796836E+02
 468.000  2.376712271500E+02
 470.000  2.376714704222E+02
 472.000  2.376717095886E+02
 474.000  2.376719447354E+02
 476.000  2.376721759468E+02
 478.000  2.376724033047E+02
 480.000  2.376726268891E+02
 482.000  2.376728467779E+02
 484.000  2.376730630472E+02
 486.000  2.376732757712E+02
 488.000  2.376734850222E+02
 490.000  2.376736908707E+02
 492.000  2.376738933857E+02
 494.000  2.376740926344E+02
 496.000  2.376742886824E+02
 498.000  2.376744815937E+02
 500.000  2.376746714306E+02
 502.000  2.376748582544E+02
 504.000  2.376750421244E+02
 506.000  2.376752230989E+02
 508.000  2.376754012347E+02
 510.000  2.376755765871E+02
 512.000  2.376757492103E+02
 514.000  2.376759191572E+02
 516.000  2.376760864794E+02
 518.000  2.376762512276E+02
 520.000  2.376764134508E+02
 522.000  2.376765731974E+02
 524.000  2.376767305145E+02
 526.000  2.376768854480E+02
 528.000  2.376770380428E+02
 530.000  2.376771883431E+02
 532.000  2.376773363917E+02
 534.000  2.376774822306E+02
 536.000  2.376776259010E+02
 538.000  2.376777674429E+02
 540.000  2.376779068957E+02
 542.000  2.376780442977E+02
 544.000  2.376781796865E+02
 546.000  2.376783130989E+02
 548.000  2.376784445707E+02
 550.000  2.376785741372E+02
 552.000  2.376787018327E+02
 554.000  2.376788276909E+02
 556.000  2.376789517446E+02
 558.000  2.376790740262E+02
 560.000  2.376791945672E+02
 562.000  2.376793133984E+02
 564.000  2.376794305500E+02
 566.000  2.376795460515E+02
 568.000  2.376796599321E+02
 570.000  2.376797722199E+02
 572.000  2.376798829427E+02
 574.000  2.376799921278E+02
 576.000  2.376800998016E+02
 578.000  2.376802059903E+02
 580.000  2.376803107194E+02
 582.000  2.376804140139E+02
 584.000  2.376805158982E+02
 586.000  2.376806163963E+02
 588.000  2.376807155317E+02
 590.000  2.376808133275E+02
 592.000  2.376809098062E+02
 594.000  2.376810049899E+02
 596.000  2.376810989003E+02
 598.000  2.376811915585E+02
 600.000  2.376812829854E+02
 602.000  2.376813732014E+02
 604.000  2.376814622264E+02
 606.000  2.376815500800E+02
 608.000  2.376816367814E+02
 610.000  2.376817223495E+02
 612.000  2.376818068028E+02
 614.000  2.376818901592E+02
 616.000  2.376819724366E+02
 618.000  2.376820536524E+02
 620.000  2.376821338236E+02
 622.000  2.376822129670E+02
 624.000  2.376822910989E+02
 626.000  2.376823682356E+02
 628.000  2.376824443928E+02
 630.000  2.376825195859E+02
 632.000  2.376825938303E+02
 634.000  2.376826671407E+02
 636.000  2.376827395320E+02
 638.000  2.376828110183E+02
 640.000  2.376828816138E+02
 642.000  2.376829513324E+02
 644.000  2.376830201877E+02
 646.000  2.376830881928E+02
 648.000  2.376831553610E+02
 650.000  2.376832217050E+02
 652.000  2.376832872375E+02
 654.000  2.376833519708E+02
 656.000  2.376834159171E+02
 658.000  2.376834790883E+02
 660.000  2.376835414961E+02
 662.000  2.376836031520E+02
 664.000  2.376836640673E+02
 666.000  2.376837242531E+02
 668.000  2.376837837203E+02
 670.000  2.376838424795E+02
 672.000  2.376839005413E+02
 674.000  2.376839579159E+02
 676.000  2.376840146136E+02
 678.000  2.376840706443E+02
 680.000  2.376841260177E+02
 682.000  2.376841807435E+02
 684.000  2.376842348310E+02
 686.000  2.376842882897E+02
 688.000  2.376843411285E+02
 690.000  2.376843933565E+02
 692.000  2.376844449825E+02
 694.000  2.376844960150E+02
 696.000  2.376845464627E+02
 698.000  2.376845963338E+02
 700.000  2.376846456366E+02
 702.000  2.376846943791E+02
 704.000  2.376847425693E+02
 706.000  2.376847902150E+02
 708.000  2.376848373239E+02
 710.000  2.376848839034E+02
 712.000  2.376849299611E+02
 714.000  2.376849755041E+02
 716.000  2.376850205397E+02
 718.000  2.376850650749E+02
 720.000  2.376851091166E+02
 722.000  2.376851526717E+02
 724.000  2.376851957469E+02
 726.000  2.376852383487E+02
 728.000  2.376852804836E+02
 730.000  2.376853221581E+02
 732.000  2.376853633783E+02
 734.000  2.376854041505E+02
 736.000  2.376854444807E+02
 738.000  2.376854843749E+02
 740.000  2.376855238390E+02
 742.000  2.376855628787E+02
 744.000  2.376856014998E+02
 746.000  2.376856397079E+02
 748.000  2.376856775084E+02
 750.000  2.376857149067E+02
 752.000  2.376857519083E+02
 754.000  2.376857885183E+02
 756.000  2.376858247419E+02
 758.000  2.376858605843E+02
 760.000  2.376858960503E+02
 762.000  2.376859311450E+02
 764.000  2.376859658731E+02
 766.000  2.376860002395E+02
 768.000  2.376860342488E+02
 770.000  2.376860679057E+02
 772.000  2.376861012148E+02
 774.000  2.376861341804E+02
 776.000  2.376861668071E+02
 778.000  2.376861990992E+02
 780.000  2.376862310609E+02
 782.000  2.376862626964E+02
 784.000  2.376862940100E+02
 786.000  2.376863250056E+02
 788.000  2.376863556874E+02
 790.000  2.376863860593E+02
 792.000  2.376864161252E+02
 794.000  2.376864458888E+02
 796.000  2.376864753542E+02
 798.000  2.376865045248E+02
 800.000  2.376865334045E+02
 802.000  2.376865619968E+02
 804.000  2.376865903053E+02
 806.000  2.376866183336E+02
 808.000  2.376866460850E+02
 810.000  2.376866735630E+02
 812.000  2.376867007710E+02
 814.000  2.376867277122E+02
 816.000  2.376867543899E+02
 818.000  2.376867808074E+02
 820.000  2.376868069678E+02
 822.000  2.376868328742E+02
 824.000  2.376868585296E+02
 826.000  2.376868839372E+02
 828.000  2.376869090999E+02
 830.000  2.376869340207E+02
 832.000  2.376869587024E+02
 834.000  2.376869831479E+02
 836.000  2.376870073601E+02
 838.000  2.376870313416E+02
 840.000  2.376870550953E+02
 842.000  2.376870786239E+02
 844.000  2.376871019300E+02
 846.000  2.376871250161E+02
 848.000  2.376871478851E+02
 850.000  2.376871705393E+02
 852.000  2.376871929812E+02
 854.000  2.376872152135E+02
 856.000  2.376872372384E+02
 858.000  2.376872590585E+02
 860.000  2.376872806760E+02
 862.000  2.376873020934E+02
 864.000  2.376873233129E+02
 866.000  2.376873443369E+02
 868.000  2.376873651676E+02
 870.000  2.376873858071E+02
 872.000  2.376874062577E+02
 874.000  2.376874265216E+02
 876.000  2.376874466008E+02
 878.000  2.376874664975E+02
 880.000  2.376874862137E+02
 882.000  2.376875057515E+02
 884.000  2.376875251129E+02
 886.000  2.376875442998E+02
 888.000  2.376875633143E+02
 890.000  2.376875821583E+02
 892.000  2.376876008336E+02
 894.000  2.376876193422E+02
 896.000  2.376876376859E+02
 898.000  2.376876558665E+02
 900.000  2.376876738859E+02
 902.000  2.376876917458E+02
 904.000  2.376877094481E+02
 906.000  2.376877269943E+02
 908.000  2.376877443864E+02
 910.000  2.376877616258E+02
 912.000  2.376877787144E+02
 914.000  2.376877956537E+02
 916.000  2.376878124454E+02
 918.000  2.376878290911E+02
 920.000  2.376878455923E+02
 922.000  2.376878619507E+02
 924.000  2.376878781678E+02
 926.000  2.376878942450E+02
 928.000  2.376879101840E+02
 930.000  2.376879259861E+02
 932.000  2.376879416529E+02
 934.000  2.376879571858E+02
 936.000  2.376879725862E+02
 938.000  2.376879878556E+02
 940.000  2.376880029952E+02
 942.000  2.376880180066E+02
 944.000  2.376880328910E+02
 946.000  2.376880476499E+02
 948.000  2.376880622844E+02
 950.000  2.376880767959E+02
 952.000  2.376880911858E+02
 954.000  2.376881054553E+02
 956.000  2.376881196055E+02
 958.000  2.376881336379E+02
 960.000  2.376881475536E+02
 962.000  2.376881613538E+02
 964.000  2.376881750397E+02
 966.000  2.376881886125E+02
 968.000  2.376882020734E+02
 970.000  2.376882154234E+02
 972.000  2.376882286639E+02
 974.000  2.376882417958E+02
 976.000  2.376882548202E+02
 978.000  2.376882677384E+02
 980.000  2.376882805513E+02
 982.000  2.376882932601E+02
 984.000  2.376883058657E+02
 986.000  2.376883183692E+02
 988.000  2.376883307718E+02
 990.000  2.376883430743E+02
 992.000  2.376883552778E+02
 994.000  2.376883673832E+02
 996.000  2.376883793917E+02
 998.000  2.376883913040E+02
1000.000  2.376884031213E+02
1002.000  2.376884148444E+02
1004.000  2.376884264743E+02
1006.000  2.376884380118E+02
1008.000  2.376884494580E+02
1010.000  2.376884608137E+02
1012.000  2.376884720798E+02
1014.000  2.376884832572E+02
1016.000  2.376884943468E+02
1018.000  2.376885053494E+02
1020.000  2.376885162658E+02
1022.000  2.376885270970E+02
1024.000  2.376885378437E+02
1026.000  2.376885485068E+02
1028.000  2.376885590871E+02
1030.000  2.376885695854E+02
1032.000  2.376885800024E+02
1034.000  2.376885903390E+02
1036.000  2.376886005959E+02
1038.000  2.376886107739E+02
1040.000  2.376886208738E+02
1042.000  2.376886308963E+02
1044.000  2.376886408421E+02
1046.000  2.376886507121E+02
1048.000  2.376886605068E+02
1050.000  2.376886702270E+02
1052.000  2.376886798735E+02
1054.000  2.376886894468E+02
1056.000  2.376886989478E+02
1058.000  2.376887083771E+02
1060.000  2.376887177354E+02
1062.000  2.376887270232E+02
1064.000  2.376887362414E+02
1066.000  2.376887453906E+02
1068.000  2.376887544713E+02
1070.000  2.376887634843E+02
1072.000  2.376887724301E+02
1074.000  2.376887813094E+02
1076.000  2.376887901228E+02
1078.000  2.376887988710E+02
1080.000  2.376888075544E+02
1082.000  2.376888161738E+02
1084.000  2.376888247297E+02
1086.000  2.376888332226E+02
1088.000  2.376888416533E+02
1090.000  2.376888500221E+02
1092.000  2.376888583298E+02
1094.000  2.376888665769E+02
1096.000  2.376888747638E+02
1098.000  2.376888828912E+02
1100.000  2.376888909596E+02
1102.000  2.376888989696E+02
1104.000  2.376889069216E+02
1106.000  2.376889148161E+02
1108.000  2.376889226538E+02
1110.000  2.376889304351E+02
1112.000  2.376889381605E+02
1114.000  2.376889458306E+02
1116.000  2.376889534457E+02
1118.000  2.376889610065E+02
1120.000  2.376889685134E+02
1122.000  2.376889759668E+02
1124.000  2.376889833673E+02
1126.000  2.376889907152E+02
1128.000  2.376889980112E+02
1130.000  2.376890052556E+02
1132.000  2.376890124489E+02
1134.000  2.376890195915E+02
1136.000  2.376890266840E+02
1138.000  2.376890337266E+02
1140.000  2.376890407200E+02
1142.000  2.376890476644E+02
1144.000  2.376890545603E+02
1146.000  2.376890614082E+02
1148.000  2.376890682084E+02
1150.000  2.376890749615E+02
1152.000  2.376890816677E+02
1154.000  2.376890883275E+02
1156.000  2.376890949413E+02
1158.000  2.376891015094E+02
1160.000  2.376891080324E+02
1162.000  2.376891145105E+02
1164.000  2.376891209442E+02
1166.000  2.376891273338E+02
1168.000  2.376891336797E+02
1170.000  2.376891399823E+02
1172.000  2.376891462420E+02
1174.000  2.376891524591E+02
1176.000  2.376891586339E+02
1178.000  2.376891647669E+02
1180.000  2.376891708584E+02
1182.000  2.376891769087E+02
1184.000  2.376891829182E+02
1186.000  2.376891888873E+02
1188.000  2.376891948162E+02
1190.000  2.376892007053E+02
1192.000  2.376892065550E+02
1194.000  2.376892123655E+02
1196.000  2.376892181373E+02
1198.000  2.376892238705E+02
1200.000  2.376892295656E+02
1202.000  2.376892352229E+02
1204.000  2.376892408426E+02
1206.000  2.376892464252E+02
1208.000  2.376892519708E+02
1210.000  2.376892574798E+02
1212.000  2.376892629525E+02
1214.000  2.376892683892E+02
1216.000  2.376892737901E+02
1218.000  2.376892791557E+02
1220.000  2.376892844862E+02
1222.000  2.376892897818E+02
1224.000  2.376892950428E+02
1226.000  2.376893002696E+02
1228.000  2.376893054624E+02
1230.000  2.376893106214E+02
1232.000  2.376893157470E+02
1234.000  2.376893208395E+02
1236.000  2.376893258990E+02
1238.000  2.376893309259E+02
1240.000  2.376893359204E+02
1242.000  2.376893408828E+02
1244.000  2.376893458133E+02
1246.000  2.376893507123E+02
1248.000  2.376893555798E+02
1250.000  2.376893604163E+02
1252.000  2.376893652219E+02
1254.000  2.376893699969E+02
1256.000  2.376893747416E+02
1258.000  2.376893794561E+02
1260.000  2.376893841407E+02
1262.000  2.376893887957E+02
1264.000  2.376893934212E+02
1266.000  2.376893980176E+02
1268.000  2.376894025851E+02
1270.000  2.376894071238E+02
1272.000  2.376894116340E+02
1274.000  2.376894161159E+02
1276.000  2.376894205698E+02
1278.000  2.376894249958E+02
1280.000  2.376894293942E+02
1282.000  2.376894337652E+02
1284.000  2.376894381090E+02
1286.000  2.376894424259E+02
1288.000  2.376894467159E+02
1290.000  2.376894509794E+02
1292.000  2.376894552166E+02
1294.000  2.376894594276E+02
1296.000  2.376894636126E+02
1298.000  2.376894677719E+02
1300.000  2.376894719056E+02
1302.000  2.376894760140E+02
1304.000  2.376894800972E+02
1306.000  2.376894841554E+02
1308.000  2.376894881888E+02
1310.000  2.376894921977E+02
1312.000  2.376894961821E+02
1314.000  2.376895001423E+02
1316.000  2.376895040785E+02
1318.000  2.376895079908E+02
1320.000  2.376895118795E+02
1322.000  2.376895157446E+02
1324.000  2.376895195865E+02
1326.000  2.376895234052E+02
1328.000  2.376895272009E+02
1330.000  2.376895309738E+02
1332.000  2.376895347241E+02
1334.000  2.376895384519E+02
1336.000  2.376895421575E+02
1338.000  2.376895458409E+02
1340.000  2.376895495024E+02
1342.000  2.376895531421E+02
1344.000  2.376895567601E+02
1346.000  2.376895603567E+02
1348.000  2.376895639320E+02
1350.000  2.376895674861E+02
1352.000  2.376895710192E+02
1354.000  2.376895745314E+02
1356.000  2.376895780230E+02
1358.000  2.376895814940E+02
1360.000  2.376895849447E+02
1362.000  2.376895883751E+02
1364.000  2.376895917854E+02
1366.000  2.376895951758E+02
1368.000  2.376895985463E+02
1370.000  2.376896018973E+02
1372.000  2.376896052287E+02
1374.000  2.376896085407E+02
1376.000  2.376896118335E+02
1378.000  2.376896151073E+02
1380.000  2.376896183620E+02
1382.000  2.376896215980E+02
1384.000  2.376896248153E+02
1386.000  2.376896280140E+02
1388.000  2.376896311943E+02
1390.000  2.376896343564E+02
1392.000  2.376896375003E+02
1394.000  2.376896406262E+02
1396.000  2.376896437342E+02
1398.000  2.376896468244E+02
1400.000  2.376896498970E+02
1402.000  2.376896529521E+02
1404.000  2.376896559899E+02
1406.000  2.376896590103E+02
1408.000  2.376896620136E+02
1410.000  2.376896649999E+02
1412.000  2.376896679693E+02
1414.000  2.376896709220E+02
1416.000  2.376896738579E+02
1418.000  2.376896767774E+02
1420.000  2.376896796804E+02
1422.000  2.376896825671E+02
1424.000  2.376896854376E+02
1426.000  2.376896882920E+02
1428.000  2.376896911305E+02
1430.000  2.376896939531E+02
1432.000  2.376896967599E+02
1434.000  2.376896995511E+02
1436.000  2.376897023268E+02
1438.000  2.376897050871E+02
1440.000  2.376897078320E+02
1442.000  2.376897105618E+02
1444.000  2.376897132764E+02
1446.000  2.376897159761E+02
1448.000  2.376897186608E+02
1450.000  2.376897213308E+02
1452.000  2.376897239860E+02
1454.000  2.376897266267E+02
1456.000  2.376897292529E+02
1458.000  2.376897318647E+02
1460.000  2.376897344622E+02
1462.000  2.376897370455E+02
1464.000  2.376897396147E+02
1466.000  2.376897421700E+02
1468.000  2.376897447113E+02
1470.000  2.376897472388E+02
1472.000  2.376897497525E+02
1474.000  2.376897522527E+02
1476.000  2.376897547393E+02
1478.000  2.376897572125E+02
1480.000  2.376897596723E+02
1482.000  2.376897621189E+02
1484.000  2.376897645523E+02
1486.000  2.376897669726E+02
1488.000  2.376897693799E+02
1490.000  2.376897717744E+02
1492.000  2.376897741559E+02
1494.000  2.376897765248E+02
1496.000  2.376897788810E+02
1498.000  2.376897812246E+02
1500.000  2.376897835558E+02
1502.000  2.376897858746E+02
1504.000  2.376897881810E+02
1506.000  2.376897904752E+02
1508.000  2.376897927573E+02
1510.000  2.376897950272E+02
1512.000  2.376897972852E+02
1514.000  2.376897995313E+02
1516.000  2.376898017655E+02
1518.000  2.376898039880E+02
1520.000  2.376898061988E+02
1522.000  2.376898083979E+02
1524.000  2.376898105856E+02
1526.000  2.376898127618E+02
1528.000  2.376898149266E+02
1530.000  2.376898170801E+02
1532.000  2.376898192224E+02
1534.000  2.376898213535E+02
1536.000  2.376898234736E+02
1538.000  2.376898255826E+02
1540.000  2.376898276807E+02
1542.000  2.376898297679E+02
1544.000  2.376898318443E+02
1546.000  2.376898339100E+02
1548.000  2.376898359650E+02
1550.000  2.376898380094E+02
1552.000  2.376898400434E+02
1554.000  2.376898420668E+02
1556.000  2.376898440799E+02
1558.000  2.376898460826E+02
1560.000  2.376898480751E+02
1562.000  2.376898500574E+02
1564.000  2.376898520295E+02
1566.000  2.376898539916E+02
1568.000  2.376898559437E+02
1570.000  2.376898578859E+02
1572.000  2.376898598182E+02
1574.000  2.376898617407E+02
1576.000  2.376898636534E+02
1578.000  2.376898655564E+02
1580.000  2.376898674499E+02
1582.000  2.376898693337E+02
1584.000  2.376898712081E+02
1586.000  2.376898730730E+02
1588.000  2.376898749286E+02
1590.000  2.376898767748E+02
1592.000  2.376898786117E+02
1594.000  2.376898804395E+02
1596.000  2.376898822581E+02
1598.000  2.376898840676E+02
1600.000  2.376898858680E+02
1602.000  2.376898876595E+02
1604.000  2.376898894421E+02
1606.000  2.376898912158E+02
1608.000  2.376898929806E+02
1610.000  2.376898947367E+02
1612.000  2.376898964842E+02
1614.000  2.376898982229E+02
1616.000  2.376898999531E+02
1618.000  2.376899016747E+02
1620.000  2.376899033878E+02
1622.000  2.376899050925E+02
1624.000  2.376899067888E+02
1626.000  2.376899084768E+02
1628.000  2.376899101565E+02
1630.000  2.376899118279E+02
1632.000  2.376899134912E+02
1634.000  2.376899151463E+02
1636.000  2.376899167934E+02
1638.000  2.376899184324E+02
1640.000  2.376899200634E+02
1642.000  2.376899216865E+02
1644.000  2.376899233017E+02
1646.000  2.376899249091E+02
1648.000  2.376899265087E+02
1650.000  2.376899281005E+02
1652.000  2.376899296846E+02
1654.000  2.376899312611E+02
1656.000  2.376899328300E+02
1658.000  2.376899343913E+02
1660.000  2.376899359450E+02
1662.000  2.376899374914E+02
1664.000  2.376899390303E+02
1666.000  2.376899405618E+02
1668.000  2.376899420860E+02
1670.000  2.376899436028E+02
1672.000  2.376899451125E+02
1674.000  2.376899466149E+02
1676.000  2.376899481102E+02
1678.000  2.376899495983E+02
1680.000  2.376899510794E+02
1682.000  2.376899525534E+02
1684.000  2.376899540204E+02
1686.000  2.376899554805E+02
1688.000  2.376899569337E+02
1690.000  2.376899583800E+02
1692.000  2.376899598195E+02
1694.000  2.376899612522E+02
1696.000  2.376899626781E+02
1698.000  2.376899640973E+02
1700.000  2.376899655099E+02
1702.000  2.376899669158E+02
1704.000  2.376899683151E+02
1706.000  2.376899697079E+02
1708.000  2.376899710941E+02
1710.000  2.376899724739E+02
1712.000  2.376899738473E+02
1714.000  2.376899752142E+02
1716.000  2.376899765748E+02
1718.000  2.376899779290E+02
1720.000  2.376899792770E+02
1722.000  2.376899806187E+02
1724.000  2.376899819541E+02
1726.000  2.376899832834E+02
1728.000  2.376899846066E+02
1730.000  2.376899859236E+02
1732.000  2.376899872346E+02
1734.000  2.376899885395E+02
1736.000  2.376899898384E+02
1738.000  2.376899911313E+02
1740.000  2.376899924184E+02
1742.000  2.376899936995E+02
1744.000  2.376899949747E+02
1746.000  2.376899962441E+02
1748.000  2.376899975077E+02
1750.000  2.376899987655E+02
1752.000  2.376900000176E+02
1754.000  2.376900012639E+02
1756.000  2.376900025046E+02
1758.000  2.376900037397E+02
1760.000  2.376900049692E+02
1762.000  2.376900061931E+02
1764.000  2.376900074114E+02
1766.000  2.376900086242E+02
1768.000  2.376900098316E+02
1770.000  2.376900110335E+02
1772.000  2.376900122299E+02
1774.000  2.376900134210E+02
1776.000  2.376900146068E+02
1778.000  2.376900157871E+02
1780.000  2.376900169622E+02
1782.000  2.376900181321E+02
1784.000  2.376900192967E+02
1786.000  2.376900204560E+02
1788.000  2.376900216102E+02
1790.000  2.376900227593E+02
1792.000  2.376900239032E+02
1794.000  2.376900250420E+02
1796.000  2.376900261758E+02
1798.000  2.376900273045E+02
1800.000  2.376900284282E+02
1802.000  2.376900295469E+02
1804.000  2.376900306607E+02
1806.000  2.376900317695E+02
1808.000  2.376900328735E+02
1810.000  2.376900339725E+02
1812.000  2.376900350668E+02
1814.000  2.376900361562E+02
1816.000  2.376900372408E+02
1818.000  2.376900383206E+02
1820.000  2.376900393957E+02
1822.000  2.376900404661E+02
1824.000  2.376900415318E+02
1826.000  2.376900425928E+02
1828.000  2.376900436492E+02
1830.000  2.376900447009E+02
1832.000  2.376900457481E+02
1834.000  2.376900467908E+02
1836.000  2.376900478288E+02
1838.000  2.376900488624E+02
1840.000  2.376900498915E+02
1842.000  2.376900509161E+02
1844.000  2.376900519363E+02
1846.000  2.376900529521E+02
1848.000  2.376900539634E+02
1850.000  2.376900549704E+02
1852.000  2.376900559731E+02
1854.000  2.376900569714E+02
1856.000  2.376900579655E+02
1858.000  2.376900589552E+02
1860.000  2.376900599407E+02
1862.000  2.376900609220E+02
1864.000  2.376900618991E+02
1866.000  2.376900628720E+02
1868.000  2.376900638407E+02
1870.000  2.376900648053E+02
1872.000  2.376900657657E+02
1874.000  2.376900667221E+02
1876.000  2.376900676744E+02
1878.000  2.376900686227E+02
1880.000  2.376900695669E+02
1882.000  2.376900705071E+02
1884.000  2.376900714433E+02
1886.000  2.376900723755E+02
1888.000  2.376900733038E+02
1890.000  2.376900742282E+02
1892.000  2.376900751487E+02
1894.000  2.376900760653E+02
1896.000  2.376900769780E+02
1898.000  2.376900778869E+02
1900.000  2.376900787920E+02
1902.000  2.376900796932E+02
1904.000  2.376900805907E+02
1906.000  2.376900814844E+02
1908.000  2.376900823744E+02
1910.000  2.376900832606E+02
1912.000  2.376900841432E+02
1914.000  2.376900850220E+02
1916.000  2.376900858972E+02
1918.000  2.376900867687E+02
1920.000  2.376900876367E+02
1922.000  2.376900885010E+02
1924.000  2.376900893617E+02
1926.000  2.376900902188E+02
1928.000  2.376900910724E+02
1930.000  2.376900919225E+02
1932.000  2.376900927690E+02
1934.000  2.376900936121E+02
1936.000  2.376900944516E+02
1938.000  2.376900952877E+02
1940.000  2.376900961204E+02
1942.000  2.376900969496E+02
1944.000  2.376900977754E+02
1946.000  2.376900985979E+02
1948.000  2.376900994169E+02
1950.000  2.376901002326E+02
1952.000  2.376901010450E+02
1954.000  2.376901018540E+02
1956.000  2.376901026598E+02
1958.000  2.376901034622E+02
1960.000  2.376901042614E+02
1962.000  2.376901050573E+02
1964.000  2.376901058500E+02
1966.000  2.376901066394E+02
1968.000  2.376901074257E+02
1970.000  2.376901082087E+02
1972.000  2.376901089886E+02
1974.000  2.376901097653E+02
1976.000  2.376901105389E+02
1978.000  2.376901113094E+02
1980.000  2.376901120767E+02
1982.000  2.376901128410E+02
1984.000  2.376901136022E+02
1986.000  2.376901143603E+02
1988.000  2.376901151154E+02
1990.000  2.376901158674E+02
1992.000  2.376901166164E+02
1994.000  2.376901173624E+02
1996.000  2.376901181055E+02
1998.000  2.376901188455E+02
2000.000  2.376901195826E+02
2002.000  2.376901203168E+02
2004.000  2.376901210480E+02
2006.000  2.376901217763E+02
2008.000  2.376901225017E+02
2010.000  2.376901232243E+02
2012.000  2.376901239439E+02
2014.000  2.376901246608E+02
2016.000  2.376901253747E+02
2018.000  2.376901260859E+02
2020.000  2.376901267942E+02
2022.000  2.376901274997E+02
2024.000  2.376901282024E+02
2026.000  2.376901289024E+02
2028.000  2.376901295996E+02
2030.000  2.376901302941E+02
2032.000  2.376901309858E+02
2034.000  2.376901316748E+02
2036.000  2.376901323611E+02
2038.000  2.376901330448E+02
2040.000  2.376901337257E+02
2042.000  2.376901344040E+02
2044.000  2.376901350796E+02
2046.000  2.376901357526E+02
2048.000  2.376901364229E+02
2050.000  2.376901370907E+02
2052.000  2.376901377558E+02
2054.000  2.376901384184E+02
2056.000  2.376901390784E+02
2058.000  2.376901397358E+02
2060.000  2.376901403906E+02
2062.000  2.376901410430E+02
2064.000  2.376901416928E+02
2066.000  2.376901423401E+02
2068.000  2.376901429848E+02
2070.000  2.376901436271E+02
2072.000  2.376901442670E+02
2074.000  2.376901449043E+02
2076.000  2.376901455392E+02
2078.000  2.376901461717E+02
2080.000  2.376901468017E+02
2082.000  2.376901474293E+02
2084.000  2.376901480545E+02
2086.000  2.376901486773E+02
2088.000  2.376901492977E+02
2090.000  2.376901499158E+02
2092.000  2.376901505315E+02
2094.000  2.376901511448E+02
2096.000  2.376901517558E+02
2098.000  2.376901523645E+02
2100.000  2.376901529708E+02
2102.000  2.376901535749E+02
2104.000  2.376901541766E+02
2106.000  2.376901547761E+02
2108.000  2.376901553733E+02
2110.000  2.376901559683E+02
2112.000  2.376901565609E+02
2114.000  2.376901571514E+02
2116.000  2.376901577396E+02
2118.000  2.376901583256E+02
2120.000  2.376901589094E+02
2122.000  2.376901594910E+02
2124.000  2.376901600704E+02
2126.000  2.376901606476E+02
2128.000  2.376901612226E+02
2130.000  2.376901617955E+02
2132.000  2.376901623663E+02
2134.000  2.376901629349E+02
2136.000  2.376901635014E+02
2138.000  2.376901640657E+02
2140.000  2.376901646280E+02
2142.000  2.376901651882E+02
2144.000  2.376901657462E+02
2146.000  2.376901663022E+02
2148.000  2.376901668561E+02
2150.000  2.376901674080E+02
2152.000  2.376901679578E+02
2154.000  2.376901685056E+02
2156.000  2.376901690513E+02
2158.000  2.376901695951E+02
2160.000  2.376901701368E+02
2162.000  2.376901706765E+02
2164.000  2.376901712142E+02
2166.000  2.376901717499E+02
2168.000  2.376901722837E+02
2170.000  2.376901728155E+02
2172.000  2.376901733453E+02
2174.000  2.376901738732E+02
2176.000  2.376901743991E+02
2178.000  2.376901749231E+02
2180.000  2.376901754452E+02
2182.000  2.376901759654E+02
2184.000  2.376901764837E+02
2186.000  2.376901770001E+02
2188.000  2.376901775146E+02
2190.000  2.376901780272E+02
2192.000  2.376901785379E+02
2194.000  2.376901790468E+02
2196.000  2.376901795539E+02
2198.000  2.376901800591E+02
2200.000  2.376901805624E+02
2202.000  2.376901810639E+02
2204.000  2.376901815637E+02
2206.000  2.376901820616E+02
2208.000  2.376901825577E+02
2210.000  2.376901830520E+02
2212.000  2.376901835445E+02
2214.000  2.376901840352E+02
2216.000  2.376901845242E+02
2218.000  2.376901850114E+02
2220.000  2.376901854969E+02
2222.000  2.376901859806E+02
2224.000  2.376901864625E+02
2226.000  2.376901869428E+02
2228.000  2.376901874213E+02
2230.000  2.376901878981E+02
2232.000  2.376901883732E+02
2234.000  2.376901888466E+02
2236.000  2.376901893183E+02
2238.000  2.376901897883E+02
2240.000  2.376901902566E+02
2242.000  2.376901907233E+02
2244.000  2.376901911883E+02
2246.000  2.376901916517E+02
2248.000  2.376901921134E+02
2250.000  2.376901925734E+02
2252.000  2.376901930319E+02
2254.000  2.376901934887E+02
2256.000  2.376901939439E+02
2258.000  2.376901943974E+02
2260.000  2.376901948494E+02
2262.000  2.376901952998E+02
2264.000  2.376901957486E+02
2266.000  2.376901961958E+02
2268.000  2.376901966414E+02
2270.000  2.376901970855E+02
2272.000  2.376901975280E+02
2274.000  2.376901979689E+02
2276.000  2.376901984083E+02
2278.000  2.376901988461E+02
2280.000  2.376901992825E+02
2282.000  2.376901997172E+02
2284.000  2.376902001505E+02
2286.000  2.376902005823E+02
2288.000  2.376902010125E+02
2290.000  2.376902014412E+02
2292.000  2.376902018685E+02
2294.000  2.376902022942E+02
2296.000  2.376902027185E+02
2298.000  2.376902031413E+02
2300.000  2.376902035626E+02
2302.000  2.376902039825E+02
2304.000  2.376902044009E+02
2306.000  2.376902048179E+02
2308.000  2.376902052334E+02
2310.000  2.376902056475E+02
2312.000  2.376902060601E+02
2314.000  2.376902064713E+02
2316.000  2.376902068811E+02
2318.000  2.376902072895E+02
2320.000  2.376902076965E+02
2322.000  2.376902081021E+02
2324.000  2.376902085063E+02
2326.000  2.376902089091E+02
2328.000  2.376902093105E+02
2330.000  2.376902097105E+02
2332.000  2.376902101092E+02
2334.000  2.376902105065E+02
2336.000  2.376902109024E+02
2338.000  2.376902112970E+02
2340.000  2.376902116903E+02
2342.000  2.376902120822E+02
2344.000  2.376902124727E+02
2346.000  2.376902128619E+02
2348.000  2.376902132498E+02
2350.000  2.376902136364E+02
2352.000  2.376902140217E+02
2354.000  2.376902144057E+02
2356.000  2.376902147883E+02
2358.000  2.376902151697E+02
2360.000  2.376902155498E+02
2362.000  2.376902159286E+02
2364.000  2.376902163061E+02
2366.000  2.376902166823E+02
2368.000  2.376902170572E+02
2370.000  2.376902174309E+02
2372.000  2.376902178034E+02
2374.000  2.376902181746E+02
2376.000  2.376902185445E+02
2378.000  2.376902189132E+02
2380.000  2.376902192806E+02
2382.000  2.376902196468E+02
2384.000  2.376902200118E+02
2386.000  2.376902203756E+02
2388.000  2.376902207382E+02
2390.000  2.376902210995E+02
2392.000  2.376902214596E+02
2394.000  2.376902218186E+02
2396.000  2.376902221763E+02
2398.000  2.376902225328E+02
2400.000  2.376902228882E+02
2402.000  2.376902232423E+02
2404.000  2.376902235953E+02
2406.000  2.376902239471E+02
2408.000  2.376902242978E+02
2410.000  2.376902246473E+02
2412.000  2.376902249956E+02
2414.000  2.376902253428E+02
2416.000  2.376902256888E+02
2418.000  2.376902260337E+02
2420.000  2.376902263774E+02
2422.000  2.376902267200E+02
2424.000  2.376902270615E+02
2426.000  2.376902274019E+02
2428.000  2.376902277411E+02
2430.000  2.376902280792E+02
2432.000  2.376902284162E+02
2434.000  2.376902287521E+02
2436.000  2.376902290869E+02
2438.000  2.376902294206E+02
2440.000  2.376902297532E+02
2442.000  2.376902300848E+02
2444.000  2.376902304152E+02
2446.000  2.376902307445E+02
2448.000  2.376902310728E+02
2450.000  2.376902314000E+02
2452.000  2.376902317262E+02
2454.000  2.376902320512E+02
2456.000  2.376902323753E+02
2458.000  2.376902326982E+02
2460.000  2.376902330201E+02
2462.000  2.376902333410E+02
2464.000  2.376902336608E+02
2466.000  2.376902339796E+02
2468.000  2.376902342974E+02
2470.000  2.376902346141E+02
2472.000  2.376902349298E+02
2474.000  2.376902352445E+02
2476.000  2.376902355582E+02
2478.000  2.376902358709E+02
2480.000  2.376902361825E+02
2482.000  2.376902364932E+02
2484.000  2.376902368028E+02
2486.000  2.376902371115E+02
2488.000  2.376902374191E+02
2490.000  2.376902377258E+02
2492.000  2.376902380315E+02
2494.000  2.376902383362E+02
2496.000  2.376902386399E+02
2498.000  2.376902389427E+02
2500.000  2.376902392445E+02
2502.000  2.376902395453E+02
2504.000  2.376902398452E+02
2506.000  2.376902401441E+02
2508.000  2.376902404421E+02
2510.000  2.376902407391E+02
2512.000  2.376902410352E+02
2514.000  2.376902413303E+02
2516.000  2.376902416245E+02
2518.000  2.376902419177E+02
2520.000  2.376902422101E+02
2522.000  2.376902425014E+02
2524.000  2.376902427919E+02
2526.000  2.376902430815E+02
2528.000  2.376902433701E+02
2530.000  2.376902436578E+02
2532.000  2.376902439447E+02
2534.000  2.376902442306E+02
2536.000  2.376902445156E+02
2538.000  2.376902447997E+02
2540.000  2.376902450829E+02
2542.000  2.376902453653E+02
2544.000  2.376902456467E+02
2546.000  2.376902459273E+02
2548.000  2.376902462069E+02
2550.000  2.376902464858E+02
2552.000  2.376902467637E+02
2554.000  2.376902470407E+02
2556.000  2.376902473169E+02
2558.000  2.376902475923E+02
2560.000  2.376902478667E+02
2562.000  2.376902481404E+02
2564.000  2.376902484131E+02
2566.000  2.376902486850E+02
2568.000  2.376902489561E+02
2570.000  2.376902492263E+02
2572.000  2.376902494957E+02
2574.000  2.376902497642E+02
2576.000  2.376902500320E+02
2578.000  2.376902502988E+02
2580.000  2.376902505649E+02
2582.000  2.376902508301E+02
2584.000  2.376902510945E+02
2586.000  2.376902513581E+02
2588.000  2.376902516209E+02
2590.000  2.376902518829E+02
2592.000  2.376902521440E+02
2594.000  2.376902524044E+02
2596.000  2.376902526639E+02
2598.000  2.376902529227E+02
2600.000  2.376902531807E+02
2602.000  2.376902534378E+02
2604.000  2.376902536942E+02
2606.000  2.376902539498E+02
2608.000  2.376902542046E+02
2610.000  2.376902544586E+02
2612.000  2.376902547119E+02
2614.000  2.376902549644E+02
2616.000  2.376902552161E+02
2618.000  2.376902554670E+02
2620.000  2.376902557172E+02
2622.000  2.376902559666E+02
2624.000  2.376902562152E+02
2626.000  2.376902564631E+02
2628.000  2.376902567103E+02
2630.000  2.376902569566E+02
2632.000  2.376902572023E+02
2634.000  2.376902574472E+02
2636.000  2.376902576913E+02
2638.000  2.376902579347E+02
2640.000  2.376902581774E+02
2642.000  2.376902584193E+02
2644.000  2.376902586605E+02
2646.000  2.376902589010E+02
2648.000  2.376902591408E+02
2650.000  2.376902593798E+02
2652.000  2.376902596181E+02
2654.000  2.376902598557E+02
2656.000  2.376902600926E+02
2658.000  2.376902603287E+02
2660.000  2.376902605642E+02
2662.000  2.376902607989E+02
2664.000  2.376902610330E+02
2666.000  2.376902612663E+02
2668.000  2.376902614990E+02
2670.000  2.376902617309E+02
2672.000  2.376902619622E+02
2674.000  2.376902621927E+02
2676.000  2.376902624226E+02
2678.000  2.376902626518E+02
2680.000  2.376902628803E+02
2682.000  2.376902631081E+02
2684.000  2.376902633352E+02
2686.000  2.376902635617E+02
2688.000  2.376902637875E+02
2690.000  2.376902640126E+02
2692.000  2.376902642371E+02
2694.000  2.376902644608E+02
2696.000  2.376902646840E+02
2698.000  2.376902649064E+02
2700.000  2.376902651282E+02
2702.000  2.376902653494E+02
2704.000  2.376902655699E+02
2706.000  2.376902657897E+02
2708.000  2.376902660089E+02
2710.000  2.376902662274E+02
2712.000  2.376902664453E+02
2714.000  2.376902666626E+02
2716.000  2.376902668792E+02
2718.000  2.376902670952E+02
2720.000  2.376902673105E+02
2722.000  2.376902675253E+02
2724.000  2.376902677393E+02
2726.000  2.376902679528E+02
2728.000  2.376902681656E+02
2730.000  2.376902683778E+02
2732.000  2.376902685894E+02
2734.000  2.376902688004E+02
2736.000  2.376902690108E+02
2738.000  2.376902692205E+02
2740.000  2.376902694296E+02
2742.000  2.376902696381E+02
2744.000  2.376902698460E+02
2746.000  2.376902700534E+02
2748.000  2.376902702601E+02
2750.000  2.376902704662E+02
2752.000  2.376902706717E+02
2754.000  2.376902708766E+02
2756.000  2.376902710809E+02
2758.000  2.376902712846E+02
2760.000  2.376902714877E+02
2762.000  2.376902716903E+02
2764.000  2.376902718922E+02
2766.000  2.376902720936E+02
2768.000  2.376902722944E+02
2770.000  2.376902724946E+02
2772.000  2.376902726942E+02
2774.000  2.376902728933E+02
2776.000  2.376902730918E+02
2778.000  2.376902732897E+02
2780.000  2.376902734870E+02
2782.000  2.376902736838E+02
2784.000  2.376902738800E+02
2786.000  2.376902740757E+02
2788.000  2.376902742707E+02
2790.000  2.376902744653E+02
2792.000  2.376902746592E+02
2794.000  2.376902748527E+02
2796.000  2.376902750455E+02
2798.000  2.376902752378E+02
2800.000  2.376902754296E+02
2802.000  2.376902756208E+02
2804.000  2.376902758115E+02
2806.000  2.376902760016E+02
2808.000  2.376902761912E+02
2810.000  2.376902763802E+02
2812.000  2.376902765688E+02
2814.000  2.376902767567E+02
2816.000  2.376902769442E+02
2818.000  2.376902771311E+02
2820.000  2.376902773175E+02
2822.000  2.376902775033E+02
2824.000  2.376902776886E+02
2826.000  2.376902778734E+02
2828.000  2.376902780577E+02
2830.000  2.376902782415E+02
2832.000  2.376902784247E+02
2834.000  2.376902786074E+02
2836.000  2.376902787896E+02
2838.000  2.376902789713E+02
2840.000  2.376902791525E+02
2842.000  2.376902793332E+02
2844.000  2.376902795134E+02
2846.000  2.376902796930E+02
2848.000  2.376902798722E+02
2850.000  2.376902800508E+02
2852.000  2.376902802290E+02
2854.000  2.376902804066E+02
2856.000  2.376902805838E+02
2858.000  2.376902807604E+02
2860.000  2.376902809366E+02
2862.000  2.376902811123E+02
2864.000  2.376902812875E+02
2866.000  2.376902814621E+02
2868.000  2.376902816364E+02
2870.000  2.376902818101E+02
2872.000  2.376902819833E+02
2874.000  2.376902821561E+02
2876.000  2.376902823284E+02
2878.000  2.376902825001E+02
2880.000  2.376902826715E+02
2882.000  2.376902828423E+02
2884.000  2.376902830127E+02
2886.000  2.376902831826E+02
2888.000  2.376902833520E+02
2890.000  2.376902835210E+02
2892.000  2.376902836895E+02
2894.000  2.376902838575E+02
2896.000  2.376902840251E+02
2898.000  2.376902841922E+02
2900.000  2.376902843588E+02
2902.000  2.376902845250E+02
2904.000  2.376902846907E+02
2906.000  2.376902848560E+02
2908.000  2.376902850208E+02
2910.000  2.376902851852E+02
2912.000  2.376902853491E+02
2914.000  2.376902855125E+02
2916.000  2.376902856756E+02
2918.000  2.376902858381E+02
2920.000  2.376902860002E+02
2922.000  2.376902861619E+02
2924.000  2.376902863232E+02
2926.000  2.376902864840E+02
2928.000  2.376902866443E+02
2930.000  2.376902868042E+02
2932.000  2.376902869637E+02
2934.000  2.376902871228E+02
2936.000  2.376902872814E+02
2938.000  2.376902874396E+02
2940.000  2.376902875973E+02
2942.000  2.376902877546E+02
2944.000  2.376902879115E+02
2946.000  2.376902880680E+02
2948.000  2.376902882241E+02
2950.000  2.376902883797E+02
2952.000  2.376902885349E+02
2954.000  2.376902886897E+02
2956.000  2.376902888440E+02
2958.000  2.376902889980E+02
2960.000  2.376902891515E+02
2962.000  2.376902893046E+02
2964.000  2.376902894573E+02
2966.000  2.376902896096E+02
2968.000  2.376902897615E+02
2970.000  2.376902899130E+02
2972.000  2.376902900640E+02
2974.000  2.376902902147E+02
2976.000  2.376902903650E+02
2978.000  2.376902905148E+02
2980.000  2.376902906643E+02
2982.000  2.376902908133E+02
2984.000  2.376902909620E+02
2986.000  2.376902911102E+02
2988.000  2.376902912581E+02
2990.000  2.376902914055E+02
2992.000  2.376902915526E+02
2994.000  2.376902916993E+02
2996.000  2.376902918455E+02
2998.000  2.376902919914E+02
3000.000  2.376902921369E+02
3002.000  2.376902922821E+02
3004.000  2.376902924268E+02
3006.000  2.376902925711E+02
3008.000  2.376902927151E+02
3010.000  2.376902928587E+02
3012.000  2.376902930019E+02
3014.000  2.376902931447E+02
3016.000  2.376902932871E+02
3018.000  2.376902934292E+02
3020.000  2.376902935709E+02
3022.000  2.376902937122E+02
3024.000  2.376902938531E+02
3026.000  2.376902939937E+02
3028.000  2.376902941339E+02
3030.000  2.376902942737E+02
3032.000  2.376902944132E+02
3034.000  2.376902945522E+02
3036.000  2.376902946910E+02
3038.000  2.376902948293E+02
3040.000  2.376902949673E+02
3042.000  2.376902951049E+02
3044.000  2.376902952422E+02
3046.000  2.376902953791E+02
3048.000  2.376902955157E+02
3050.000  2.376902956519E+02
3052.000  2.376902957877E+02
3054.000  2.376902959232E+02
3056.000  2.376902960583E+02
3058.000  2.376902961931E+02
3060.000  2.376902963275E+02
3062.000  2.376902964615E+02
3064.000  2.376902965953E+02
3066.000  2.376902967286E+02
3068.000  2.376902968617E+02
3070.000  2.376902969943E+02
3072.000  2.376902971267E+02
3074.000  2.376902972586E+02
3076.000  2.376902973903E+02
3078.000  2.376902975216E+02
3080.000  2.376902976525E+02
3082.000  2.376902977832E+02
3084.000  2.376902979135E+02
3086.000  2.376902980434E+02
3088.000  2.376902981730E+02
3090.000  2.376902983023E+02
3092.000  2.376902984312E+02
3094.000  2.376902985598E+02
3096.000  2.376902986881E+02
3098.000  2.376902988160E+02
3100.000  2.376902989436E+02
3102.000  2.376902990709E+02
3104.000  2.376902991979E+02
3106.000  2.376902993245E+02
3108.000  2.376902994508E+02
3110.000  2.376902995768E+02
3112.000  2.376902997024E+02
3114.000  2.376902998278E+02
3116.000  2.376902999528E+02
3118.000  2.376903000775E+02
3120.000  2.376903002018E+02
3122.000  2.376903003259E+02
3124.000  2.376903004496E+02
3126.000  2.376903005731E+02
3128.000  2.376903006962E+02
3130.000  2.376903008189E+02
3132.000  2.376903009414E+02
3134.000  2.376903010636E+02
3136.000  2.376903011854E+02
3138.000  2.376903013070E+02
3140.000  2.376903014282E+02
3142.000  2.376903015491E+02
3144.000  2.376903016697E+02
3146.000  2.376903017900E+02
3148.000  2.376903019100E+02
3150.000  2.376903020297E+02
3152.000  2.376903021491E+02
3154.000  2.376903022682E+02
3156.000  2.376903023870E+02
3158.000  2.376903025055E+02
3160.000  2.376903026237E+02
3162.000  2.376903027416E+02
3164.000  2.376903028592E+02
3166.000  2.376903029765E+02
3168.000  2.376903030935E+02
3170.000  2.376903032102E+02
3172.000  2.376903033266E+02
3174.000  2.376903034427E+02
3176.000  2.376903035585E+02
3178.000  2.376903036741E+02
3180.000  2.376903037893E+02
3182.000  2.376903039043E+02
3184.000  2.376903040189E+02
3186.000  2.376903041333E+02
3188.000  2.376903042474E+02
3190.000  2.376903043612E+02
3192.000  2.376903044747E+02
3194.000  2.376903045880E+02
3196.000  2.376903047009E+02
3198.000  2.376903048136E+02
3200.000  2.376903049260E+02
3202.000  2.376903050381E+02
3204.000  2.376903051499E+02
3206.000  2.376903052615E+02
3208.000  2.376903053727E+02
3210.000  2.376903054837E+02
3212.000  2.376903055944E+02
3214.000  2.376903057049E+02
3216.000  2.376903058150E+02
3218.000  2.376903059249E+02
3220.000  2.376903060346E+02
3222.000  2.376903061439E+02
3224.000  2.376903062530E+02
3226.000  2.376903063618E+02
3228.000  2.376903064703E+02
3230.000  2.376903065786E+02
3232.000  2.376903066866E+02
3234.000  2.376903067943E+02
3236.000  2.376903069018E+02
3238.000  2.376903070090E+02
3240.000  2.376903071159E+02
3242.000  2.376903072226E+02
3244.000  2.376903073290E+02
3246.000  2.376903074352E+02
3248.000  2.376903075411E+02
3250.000  2.376903076467E+02
3252.000  2.376903077521E+02
3254.000  2.376903078572E+02
3256.000  2.376903079620E+02
3258.000  2.376903080666E+02
3260.000  2.376903081710E+02
3262.000  2.376903082750E+02
3264.000  2.376903083789E+02
3266.000  2.376903084824E+02
3268.000  2.376903085858E+02
3270.000  2.376903086888E+02
3272.000  2.376903087916E+02
3274.000  2.376903088942E+02
3276.000  2.376903089965E+02
3278.000  2.376903090986E+02
3280.000  2.376903092004E+02
3282.000  2.376903093020E+02
3284.000  2.376903094033E+02
3286.000  2.376903095044E+02
3288.000  2.376903096052E+02
3290.000  2.376903097058E+02
3292.000  2.376903098061E+02
3294.000  2.376903099062E+02
3296.000  2.376903100060E+02
3298.000  2.376903101057E+02
3300.000  2.376903102050E+02
3302.000  2.376903103042E+02
3304.000  2.376903104030E+02
3306.000  2.376903105017E+02
3308.000  2.376903106001E+02
3310.000  2.376903106983E+02
3312.000  2.376903107962E+02
3314.000  2.376903108939E+02
3316.000  2.376903109914E+02
3318.000  2.376903110886E+02
3320.000  2.376903111856E+02
3322.000  2.376903112824E+02
3324.000  2.376903113789E+02
3326.000  2.376903114752E+02
3328.000  2.376903115712E+02
3330.000  2.376903116671E+02
3332.000  2.376903117627E+02
3334.000  2.376903118581E+02
3336.000  2.376903119532E+02
3338.000  2.376903120481E+02
3340.000  2.376903121428E+02
3342.000  2.376903122373E+02
3344.000  2.376903123315E+02
3346.000  2.376903124255E+02
3348.000  2.376903125193E+02
3350.000  2.376903126129E+02
3352.000  2.376903127062E+02
3354.000  2.376903127994E+02
3356.000  2.376903128923E+02
3358.000  2.376903129849E+02
3360.000  2.376903130774E+02
3362.000  2.376903131696E+02
3364.000  2.376903132616E+02
3366.000  2.376903133534E+02
3368.000  2.376903134450E+02
3370.000  2.376903135364E+02
3372.000  2.376903136275E+02
3374.000  2.376903137185E+02
3376.000  2.376903138092E+02
3378.000  2.376903138997E+02
3380.000  2.376903139900E+02
3382.000  2.376903140800E+02
3384.000  2.376903141699E+02
3386.000  2.376903142595E+02
3388.000  2.376903143490E+02
3390.000  2.376903144382E+02
3392.000  2.376903145272E+02
3394.000  2.376903146160E+02
3396.000  2.376903147046E+02
3398.000  2.376903147930E+02
3400.000  2.376903148812E+02
3402.000  2.376903149692E+02
3404.000  2.376903150569E+02
3406.000  2.376903151445E+02
3408.000  2.376903152319E+02
3410.000  2.376903153190E+02
3412.000  2.376903154060E+02
3414.000  2.376903154927E+02
3416.000  2.376903155792E+02
3418.000  2.376903156656E+02
3420.000  2.376903157517E+02
3422.000  2.376903158376E+02
3424.000  2.376903159234E+02
3426.000  2.376903160089E+02
3428.000  2.376903160942E+02
3430.000  2.376903161794E+02
3432.000  2.376903162643E+02
3434.000  2.376903163490E+02
3436.000  2.376903164336E+02
3438.000  2.376903165179E+02
3440.000  2.376903166021E+02
3442.000  2.376903166860E+02
3444.000  2.376903167698E+02
3446.000  2.376903168534E+02
3448.000  2.376903169367E+02
3450.000  2.376903170199E+02
3452.000  2.376903171029E+02
3454.000  2.376903171857E+02
3456.000  2.376903172683E+02
3458.000  2.376903173507E+02
3460.000  2.376903174329E+02
3462.000  2.376903175149E+02
3464.000  2.376903175968E+02
3466.000  2.376903176784E+02
3468.000  2.376903177599E+02
3470.000  2.376903178412E+02
3472.000  2.376903179223E+02
3474.000  2.376903180032E+02
3476.000  2.376903180839E+02
3478.000  2.376903181644E+02
3480.000  2.376903182448E+02
3482.000  2.376903183249E+02
3484.000  2.376903184049E+02
3486.000  2.376903184847E+02
3488.000  2.376903185643E+02
3490.000  2.376903186437E+02
3492.000  2.376903187230E+02
3494.000  2.376903188020E+02
3496.000  2.376903188809E+02
3498.000  2.376903189596E+02
3500.000  2.376903190381E+02
3502.000  2.376903191165E+02
3504.000  2.376903191947E+02
3506.000  2.376903192726E+02
3508.000  2.376903193505E+02
3510.000  2.376903194281E+02
3512.000  2.376903195055E+02
3514.000  2.376903195828E+02
3516.000  2.376903196599E+02
3518.000  2.376903197369E+02
3520.000  2.376903198136E+02
3522.000  2.376903198902E+02
3524.000  2.376903199666E+02
3526.000  2.376903200428E+02
3528.000  2.376903201189E+02
3530.000  2.376903201948E+02
3532.000  2.376903202705E+02
3534.000  2.376903203460E+02
3536.000  2.376903204214E+02
3538.000  2.376903204966E+02
3540.000  2.376903205716E+02
3542.000  2.376903206465E+02
3544.000  2.376903207212E+02
3546.000  2.376903207957E+02
3548.000  2.376903208701E+02
3550.000  2.376903209443E+02
3552.000  2.376903210183E+02
3554.000  2.376903210922E+02
3556.000  2.376903211659E+02
3558.000  2.376903212394E+02
3560.000  2.376903213127E+02
3562.000  2.376903213859E+02
3564.000  2.376903214590E+02
3566.000  2.376903215318E+02
3568.000  2.376903216045E+02
3570.000  2.376903216771E+02
3572.000  2.376903217495E+02
3574.000  2.376903218217E+02
3576.000  2.376903218937E+02
3578.000  2.376903219656E+02
3580.000  2.376903220374E+02
3582.000  2.376903221089E+02
3584.000  2.376903221804E+02
3586.000  2.376903222516E+02
3588.000  2.376903223227E+02
3590.000  2.376903223937E+02
3592.000  2.376903224644E+02
3594.000  2.376903225351E+02
3596.000  2.376903226055E+02
3598.000  2.376903226758E+02
3600.000  2.376903227460E+02
3602.000  2.376903228160E+02
3604.000  2.376903228858E+02
3606.000  2.376903229555E+02
3608.000  2.376903230251E+02
3610.000  2.376903230944E+02
3612.000  2.376903231637E+02
3614.000  2.376903232327E+02
3616.000  2.376903233016E+02
3618.000  2.376903233704E+02
3620.000  2.376903234390E+02
3622.000  2.376903235075E+02
3624.000  2.376903235758E+02
3626.000  2.376903236440E+02
3628.000  2.376903237120E+02
3630.000  2.376903237798E+02
3632.000  2.376903238476E+02
3634.000  2.376903239151E+02
3636.000  2.376903239825E+02
3638.000  2.376903240498E+02
3640.000  2.376903241169E+02
3642.000  2.376903241839E+02
3644.000  2.376903242507E+02
3646.000  2.376903243174E+02
3648.000  2.376903243839E+02
3650.000  2.376903244503E+02
3652.000  2.376903245166E+02
3654.000  2.376903245827E+02
3656.000  2.376903246486E+02
3658.000  2.376903247144E+02
3660.000  2.376903247801E+02
3662.000  2.376903248456E+02
3664.000  2.376903249110E+02
3666.000  2.376903249762E+02
3668.000  2.376903250413E+02
3670.000  2.376903251063E+02
3672.000  2.376903251711E+02
3674.000  2.376903252357E+02
3676.000  2.376903253003E+02
3678.000  2.376903253647E+02
3680.000  2.376903254289E+02
3682.000  2.376903254930E+02
3684.000  2.376903255570E+02
3686.000  2.376903256208E+02
3688.000  2.376903256845E+02
3690.000  2.376903257481E+02
3692.000  2.376903258115E+02
3694.000  2.376903258748E+02
3696.000  2.376903259379E+02
3698.000  2.376903260009E+02
3700.000  2.376903260638E+02
3702.000  2.376903261265E+02
3704.000  2.376903261891E+02
3706.000  2.376903262516E+02
3708.000  2.376903263139E+02
3710.000  2.376903263761E+02
3712.000  2.376903264381E+02
3714.000  2.376903265001E+02
3716.000  2.376903265619E+02
3718.000  2.376903266235E+02
3720.000  2.376903266851E+02
3722.000  2.376903267465E+02
3724.000  2.376903268077E+02
3726.000  2.376903268688E+02
3728.000  2.376903269298E+02
3730.000  2.376903269907E+02
3732.000  2.376903270515E+02
3734.000  2.376903271121E+02
3736.000  2.376903271726E+02
3738.000  2.376903272329E+02
3740.000  2.376903272931E+02
3742.000  2.376903273532E+02
3744.000  2.376903274132E+02
3746.000  2.376903274730E+02
3748.000  2.376903275327E+02
3750.000  2.376903275923E+02
3752.000  2.376903276518E+02
3754.000  2.376903277111E+02
3756.000  2.376903277703E+02
3758.000  2.376903278294E+02
3760.000  2.376903278883E+02
3762.000  2.376903279471E+02
3764.000  2.376903280058E+02
3766.000  2.376903280644E+02
3768.000  2.376903281229E+02
3770.000  2.376903281812E+02
3772.000  2.376903282394E+02
3774.000  2.376903282975E+02
3776.000  2.376903283554E+02
3778.000  2.376903284133E+02
3780.000  2.376903284710E+02
3782.000  2.376903285286E+02
3784.000  2.376903285861E+02
3786.000  2.376903286434E+02
3788.000  2.376903287006E+02
3790.000  2.376903287577E+02
3792.000  2.376903288147E+02
3794.000  2.376903288716E+02
3796.000  2.376903289283E+02
3798.000  2.376903289850E+02
3800.000  2.376903290415E+02
3802.000  2.376903290978E+02
3804.000  2.376903291541E+02
3806.000  2.376903292103E+02
3808.000  2.376903292663E+02
3810.000  2.376903293222E+02
3812.000  2.376903293780E+02
3814.000  2.376903294337E+02
3816.000  2.376903294893E+02
3818.000  2.376903295447E+02
3820.000  2.376903296000E+02
3822.000  2.376903296553E+02
3824.000  2.376903297104E+02
3826.000  2.376903297653E+02
3828.000  2.376903298202E+02
3830.000  2.376903298750E+02
3832.000  2.376903299296E+02
3834.000  2.376903299841E+02
3836.000  2.376903300386E+02
3838.000  2.376903300929E+02
3840.000  2.376903301470E+02
3842.000  2.376903302011E+02
3844.000  2.376903302551E+02
3846.000  2.376903303089E+02
3848.000  2.376903303627E+02
3850.000  2.376903304163E+02
3852.000  2.376903304698E+02
3854.000  2.376903305232E+02
3856.000  2.376903305765E+02
3858.000  2.376903306297E+02
3860.000  2.376903306828E+02
3862.000  2.376903307357E+02
3864.000  2.376903307886E+02
3866.000  2.376903308413E+02
3868.000  2.376903308940E+02
3870.000  2.376903309465E+02
3872.000  2.376903309989E+02
3874.000  2.376903310512E+02
3876.000  2.376903311034E+02
3878.000  2.376903311555E+02
3880.000  2.376903312075E+02
3882.000  2.376903312594E+02
3884.000  2.376903313112E+02
3886.000  2.376903313628E+02
3888.000  2.376903314144E+02
3890.000  2.376903314658E+02
3892.000  2.376903315172E+02
3894.000  2.376903315684E+02
3896.000  2.376903316196E+02
3898.000  2.376903316706E+02
3900.000  2.376903317215E+02
3902.000  2.376903317724E+02
3904.000  2.376903318231E+02
3906.000  2.376903318737E+02
3908.000  2.376903319242E+02
3910.000  2.376903319746E+02
3912.000  2.376903320249E+02
3914.000  2.376903320751E+02
3916.000  2.376903321252E+02
3918.000  2.376903321752E+02
3920.000  2.376903322251E+02
3922.000  2.376903322749E+02
3924.000  2.376903323246E+02
3926.000  2.376903323742E+02
3928.000  2.376903324237E+02
3930.000  2.376903324731E+02
3932.000  2.376903325224E+02
3934.000  2.376903325716E+02
3936.000  2.376903326207E+02
3938.000  2.376903326697E+02
3940.000  2.376903327186E+02
3942.000  2.376903327673E+02
3944.000  2.376903328160E+02
3946.000  2.376903328646E+02
3948.000  2.376903329131E+02
3950.000  2.376903329615E+02
3952.000  2.376903330098E+02
3954.000  2.376903330580E+02
3956.000  2.376903331061E+02
3958.000  2.376903331541E+02
3960.000  2.376903332021E+02
3962.000  2.376903332499E+02
3964.000  2.376903332976E+02
3966.000  2.376903333452E+02
3968.000  2.376903333927E+02
3970.000  2.376903334402E+02
3972.000  2.376903334875E+02
3974.000  2.376903335347E+02
3976.000  2.376903335819E+02
3978.000  2.376903336289E+02
3980.000  2.376903336759E+02
3982.000  2.376903337228E+02
3984.000  2.376903337695E+02
3986.000  2.376903338162E+02
3988.000  2.376903338628E+02
3990.000  2.376903339093E+02
3992.000  2.376903339556E+02
3994.000  2.376903340019E+02
3996.000  2.376903340482E+02
3998.000  2.376903340943E+02
4000.000  2.376903341403E+02
4002.000  2.376903341862E+02
4004.000  2.376903342321E+02
4006.000  2.376903342778E+02
4008.000  2.376903343235E+02
4010.000  2.376903343690E+02
4012.000  2.376903344145E+02
4014.000  2.376903344599E+02
4016.000  2.376903345052E+02
4018.000  2.376903345504E+02
4020.000  2.376903345955E+02
4022.000  2.376903346405E+02
4024.000  2.376903346855E+02
4026.000  2.376903347303E+02
4028.000  2.376903347751E+02
4030.000  2.376903348197E+02
4032.000  2.376903348643E+02
4034.000  2.376903349088E+02
4036.000  2.376903349532E+02
4038.000  2.376903349975E+02
4040.000  2.376903350417E+02
4042.000  2.376903350859E+02
4044.000  2.376903351299E+02
4046.000  2.376903351739E+02
4048.000  2.376903352178E+02
4050.000  2.376903352616E+02
4052.000  2.376903353053E+02
4054.000  2.376903353489E+02
4056.000  2.376903353924E+02
4058.000  2.376903354359E+02
4060.000  2.376903354792E+02
4062.000  2.376903355225E+02
4064.000  2.376903355657E+02
4066.000  2.376903356088E+02
4068.000  2.376903356518E+02
4070.000  2.376903356948E+02
4072.000  2.376903357376E+02
4074.000  2.376903357804E+02
4076.000  2.376903358231E+02
4078.000  2.376903358657E+02
4080.000  2.376903359082E+02
4082.000  2.376903359506E+02
4084.000  2.376903359930E+02
4086.000  2.376903360352E+02
4088.000  2.376903360774E+02
4090.000  2.376903361195E+02
4092.000  2.376903361615E+02
4094.000  2.376903362035E+02
4096.000  2.376903362453E+02
4098.000  2.376903362871E+02
4100.000  2.376903363288E+02
4102.000  2.376903363704E+02
4104.000  2.376903364119E+02
4106.000  2.376903364534E+02
4108.000  2.376903364948E+02
4110.000  2.376903365360E+02
4112.000  2.376903365773E+02
4114.000  2.376903366184E+02
4116.000  2.376903366594E+02
4118.000  2.376903367004E+02
4120.000  2.376903367413E+02
4122.000  2.376903367821E+02
4124.000  2.376903368228E+02
4126.000  2.376903368635E+02
4128.000  2.376903369041E+02
4130.000  2.376903369446E+02
4132.000  2.376903369850E+02
4134.000  2.376903370253E+02
4136.000  2.376903370656E+02
4138.000  2.376903371058E+02
4140.000  2.376903371459E+02
4142.000  2.376903371859E+02
4144.000  2.376903372258E+02
4146.000  2.376903372657E+02
4148.000  2.376903373055E+02
4150.000  2.376903373452E+02
4152.000  2.376903373849E+02
4154.000  2.376903374244E+02
4156.000  2.376903374639E+02
4158.000  2.376903375033E+02
4160.000  2.376903375427E+02
4162.000  2.376903375819E+02
4164.000  2.376903376211E+02
4166.000  2.376903376602E+02
4168.000  2.376903376993E+02
4170.000  2.376903377382E+02
4172.000  2.376903377771E+02
4174.000  2.376903378159E+02
4176.000  2.376903378547E+02
4178.000  2.376903378933E+02
4180.000  2.376903379319E+02
4182.000  2.376903379705E+02
4184.000  2.376903380089E+02
4186.000  2.376903380473E+02
4188.000  2.376903380856E+02
4190.000  2.376903381238E+02
4192.000  2.376903381619E+02
4194.000  2.376903382000E+02
4196.000  2.376903382380E+02
4198.000  2.376903382760E+02
4200.000  2.376903383138E+02
4202.000  2.376903383516E+02
4204.000  2.376903383893E+02
4206.000  2.376903384270E+02
4208.000  2.376903384645E+02
4210.000  2.376903385020E+02
4212.000  2.376903385395E+02
4214.000  2.376903385768E+02
4216.000  2.376903386141E+02
4218.000  2.376903386513E+02
4220.000  2.376903386885E+02
4222.000  2.376903387256E+02
4224.000  2.376903387626E+02
4226.000  2.376903387995E+02
4228.000  2.376903388364E+02
4230.000  2.376903388732E+02
4232.000  2.376903389099E+02
4234.000  2.376903389466E+02
4236.000  2.376903389832E+02
4238.000  2.376903390197E+02
4240.000  2.376903390561E+02
4242.000  2.376903390925E+02
4244.000  2.376903391288E+02
4246.000  2.376903391651E+02
4248.000  2.376903392013E+02
4250.000  2.376903392374E+02
4252.000  2.376903392734E+02
4254.000  2.376903393094E+02
4256.000  2.376903393453E+02
4258.000  2.376903393811E+02
4260.000  2.376903394169E+02
4262.000  2.376903394526E+02
4264.000  2.376903394882E+02
4266.000  2.376903395238E+02
4268.000  2.376903395593E+02
4270.000  2.376903395948E+02
4272.000  2.376903396301E+02
4274.000  2.376903396654E+02
4276.000  2.376903397007E+02
4278.000  2.376903397359E+02
4280.000  2.376903397710E+02
4282.000  2.376903398060E+02
4284.000  2.376903398410E+02
4286.000  2.376903398759E+02
4288.000  2.376903399107E+02
4290.000  2.376903399455E+02
4292.000  2.376903399802E+02
4294.000  2.376903400149E+02
4296.000  2.376903400495E+02
4298.000  2.376903400840E+02
4300.000  2.376903401185E+02
4302.000  2.376903401529E+02
4304.000  2.376903401872E+02
4306.000  2.376903402215E+02
4308.000  2.376903402557E+02
4310.000  2.376903402898E+02
4312.000  2.376903403239E+02
4314.000  2.376903403579E+02
4316.000  2.376903403918E+02
4318.000  2.376903404257E+02
4320.000  2.376903404596E+02
4322.000  2.376903404933E+02
4324.000  2.376903405270E+02
4326.000  2.376903405607E+02
4328.000  2.376903405942E+02
4330.000  2.376903406278E+02
4332.000  2.376903406612E+02
4334.000  2.376903406946E+02
4336.000  2.376903407279E+02
4338.000  2.376903407612E+02
4340.000  2.376903407944E+02
4342.000  2.376903408275E+02
4344.000  2.376903408606E+02
4346.000  2.376903408936E+02
4348.000  2.376903409266E+02
4350.000  2.376903409595E+02
4352.000  2.376903409924E+02
4354.000  2.376903410251E+02
4356.000  2.376903410579E+02
4358.000  2.376903410905E+02
4360.000  2.376903411231E+02
4362.000  2.376903411557E+02
4364.000  2.376903411881E+02
4366.000  2.376903412206E+02
4368.000  2.376903412529E+02
4370.000  2.376903412852E+02
4372.000  2.376903413175E+02
4374.000  2.376903413497E+02
4376.000  2.376903413818E+02
4378.000  2.376903414139E+02
4380.000  2.376903414459E+02
4382.000  2.376903414778E+02
4384.000  2.376903415097E+02
4386.000  2.376903415415E+02
4388.000  2.376903415733E+02
4390.000  2.376903416050E+02
4392.000  2.376903416367E+02
4394.000  2.376903416683E+02
4396.000  2.376903416998E+02
4398.000  2.376903417313E+02
4400.000  2.376903417628E+02
4402.000  2.376903417941E+02
4404.000  2.376903418255E+02
4406.000  2.376903418567E+02
4408.000  2.376903418879E+02
4410.000  2.376903419191E+02
4412.000  2.376903419502E+02
4414.000  2.376903419812E+02
4416.000  2.376903420122E+02
4418.000  2.376903420431E+02
4420.000  2.376903420740E+02
4422.000  2.376903421048E+02
4424.000  2.376903421355E+02
4426.000  2.376903421662E+02
4428.000  2.376903421969E+02
4430.000  2.376903422275E+02
4432.000  2.376903422580E+02
4434.000  2.376903422885E+02
4436.000  2.376903423189E+02
4438.000  2.376903423493E+02
4440.000  2.376903423796E+02
4442.000  2.376903424098E+02
4444.000  2.376903424400E+02
4446.000  2.376903424702E+02
4448.000  2.376903425003E+02
4450.000  2.376903425303E+02
4452.000  2.376903425603E+02
4454.000  2.376903425902E+02
4456.000  2.376903426201E+02
4458.000  2.376903426500E+02
4460.000  2.376903426797E+02
4462.000  2.376903427094E+02
4464.000  2.376903427391E+02
4466.000  2.376903427687E+02
4468.000  2.376903427983E+02
4470.000  2.376903428278E+02
4472.000  2.376903428572E+02
4474.000  2.376903428867E+02
4476.000  2.376903429160E+02
4478.000  2.376903429453E+02
4480.000  2.376903429745E+02
4482.000  2.376903430037E+02
4484.000  2.376903430329E+02
4486.000  2.376903430620E+02
4488.000  2.376903430910E+02
4490.000  2.376903431200E+02
4492.000  2.376903431489E+02
4494.000  2.376903431778E+02
4496.000  2.376903432066E+02
4498.000  2.376903432354E+02
4500.000  2.376903432641E+02
4502.000  2.376903432928E+02
4504.000  2.376903433214E+02
4506.000  2.376903433500E+02
4508.000  2.376903433785E+02
4510.000  2.376903434070E+02
4512.000  2.376903434354E+02
4514.000  2.376903434638E+02
4516.000  2.376903434921E+02
4518.000  2.376903435204E+02
4520.000  2.376903435486E+02
4522.000  2.376903435768E+02
4524.000  2.376903436049E+02
4526.000  2.376903436330E+02
4528.000  2.376903436610E+02
4530.000  2.376903436890E+02
4532.000  2.376903437169E+02
4534.000  2.376903437448E+02
4536.000  2.376903437726E+02
4538.000  2.376903438004E+02
4540.000  2.376903438281E+02
4542.000  2.376903438558E+02
4544.000  2.376903438835E+02
4546.000  2.376903439110E+02
4548.000  2.376903439386E+02
4550.000  2.376903439661E+02
4552.000  2.376903439935E+02
4554.000  2.376903440209E+02
4556.000  2.376903440482E+02
4558.000  2.376903440755E+02
4560.000  2.376903441028E+02
4562.000  2.376903441300E+02
4564.000  2.376903441571E+02
4566.000  2.376903441842E+02
4568.000  2.376903442113E+02
4570.000  2.376903442383E+02
4572.000  2.376903442652E+02
4574.000  2.376903442922E+02
4576.000  2.376903443190E+02
4578.000  2.376903443458E+02
4580.000  2.376903443726E+02
4582.000  2.376903443993E+02
4584.000  2.376903444260E+02
4586.000  2.376903444527E+02
4588.000  2.376903444792E+02
4590.000  2.376903445058E+02
4592.000  2.376903445323E+02
4594.000  2.376903445587E+02
4596.000  2.376903445851E+02
4598.000  2.376903446115E+02
4600.000  2.376903446378E+02
4602.000  2.376903446641E+02
4604.000  2.376903446903E+02
4606.000  2.376903447165E+02
4608.000  2.376903447426E+02
4610.000  2.376903447687E+02
4612.000  2.376903447947E+02
4614.000  2.376903448207E+02
4616.000  2.376903448466E+02
4618.000  2.376903448725E+02
4620.000  2.376903448984E+02
4622.000  2.376903449242E+02
4624.000  2.376903449500E+02
4626.000  2.376903449757E+02
4628.000  2.376903450014E+02
4630.000  2.376903450270E+02
4632.000  2.376903450526E+02
4634.000  2.376903450782E+02
4636.000  2.376903451037E+02
4638.000  2.376903451291E+02
4640.000  2.376903451545E+02
4642.000  2.376903451799E+02
4644.000  2.376903452052E+02
4646.000  2.376903452305E+02
4648.000  2.376903452557E+02
4650.000  2.376903452809E+02
4652.000  2.376903453061E+02
4654.000  2.376903453312E+02
4656.000  2.376903453563E+02
4658.000  2.376903453813E+02
4660.000  2.376903454063E+02
4662.000  2.376903454312E+02
4664.000  2.376903454561E+02
4666.000  2.376903454810E+02
4668.000  2.376903455058E+02
4670.000  2.376903455305E+02
4672.000  2.376903455553E+02
4674.000  2.376903455800E+02
4676.000  2.376903456046E+02
4678.000  2.376903456292E+02
4680.000  2.376903456537E+02
4682.000  2.376903456783E+02
4684.000  2.376903457027E+02
4686.000  2.376903457272E+02
4688.000  2.376903457516E+02
4690.000  2.376903457759E+02
4692.000  2.376903458002E+02
4694.000  2.376903458245E+02
4696.000  2.376903458487E+02
4698.000  2.376903458729E+02
4700.000  2.376903458970E+02
4702.000  2.376903459211E+02
4704.000  2.376903459452E+02
4706.000  2.376903459692E+02
4708.000  2.376903459932E+02
4710.000  2.376903460171E+02
4712.000  2.376903460410E+02
4714.000  2.376903460649E+02
4716.000  2.376903460887E+02
4718.000  2.376903461125E+02
4720.000  2.376903461362E+02
4722.000  2.376903461599E+02
4724.000  2.376903461835E+02
4726.000  2.376903462071E+02
4728.000  2.376903462307E+02
4730.000  2.376903462543E+02
4732.000  2.376903462777E+02
4734.000  2.376903463012E+02
4736.000  2.376903463246E+02
4738.000  2.376903463480E+02
4740.000  2.376903463713E+02
4742.000  2.376903463946E+02
4744.000  2.376903464179E+02
4746.000  2.376903464411E+02
4748.000  2.376903464643E+02
4750.000  2.376903464874E+02
4752.000  2.376903465105E+02
4754.000  2.376903465336E+02
4756.000  2.376903465566E+02
4758.000  2.376903465796E+02
4760.000  2.376903466025E+02
4762.000  2.376903466255E+02
4764.000  2.376903466483E+02
4766.000  2.376903466712E+02
4768.000  2.376903466939E+02
4770.000  2.376903467167E+02
4772.000  2.376903467394E+02
4774.000  2.376903467621E+02
4776.000  2.376903467847E+02
4778.000  2.376903468073E+02
4780.000  2.376903468299E+02
4782.000  2.376903468524E+02
4784.000  2.376903468749E+02
4786.000  2.376903468974E+02
4788.000  2.376903469198E+02
4790.000  2.376903469422E+02
4792.000  2.376903469645E+02
4794.000  2.376903469868E+02
4796.000  2.376903470091E+02
4798.000  2.376903470313E+02
4800.000  2.376903470535E+02
4802.000  2.376903470756E+02
4804.000  2.376903470978E+02
4806.000  2.376903471198E+02
4808.000  2.376903471419E+02
4810.000  2.376903471639E+02
4812.000  2.376903471859E+02
4814.000  2.376903472078E+02
4816.000  2.376903472297E+02
4818.000  2.376903472515E+02
4820.000  2.376903472734E+02
4822.000  2.376903472952E+02
4824.000  2.376903473169E+02
4826.000  2.376903473386E+02
4828.000  2.376903473603E+02
4830.000  2.376903473820E+02
4832.000  2.376903474036E+02
4834.000  2.376903474251E+02
4836.000  2.376903474467E+02
4838.000  2.376903474682E+02
4840.000  2.376903474896E+02
4842.000  2.376903475111E+02
4844.000  2.376903475325E+02
4846.000  2.376903475538E+02
4848.000  2.376903475752E+02
4850.000  2.376903475964E+02
4852.000  2.376903476177E+02
4854.000  2.376903476389E+02
4856.000  2.376903476601E+02
4858.000  2.376903476813E+02
4860.000  2.376903477024E+02
4862.000  2.376903477234E+02
4864.000  2.376903477445E+02
4866.000  2.376903477655E+02
4868.000  2.376903477865E+02
4870.000  2.376903478074E+02
4872.000  2.376903478283E+02
4874.000  2.376903478492E+02
4876.000  2.376903478700E+02
4878.000  2.376903478908E+02
4880.000  2.376903479116E+02
4882.000  2.376903479324E+02
4884.000  2.376903479531E+02
4886.000  2.376903479737E+02
4888.000  2.376903479944E+02
4890.000  2.376903480150E+02
4892.000  2.376903480355E+02
4894.000  2.376903480561E+02
4896.000  2.376903480766E+02
4898.000  2.376903480970E+02
4900.000  2.376903481175E+02
4902.000  2.376903481379E+02
4904.000  2.376903481582E+02
4906.000  2.376903481786E+02
4908.000  2.376903481989E+02
4910.000  2.376903482191E+02
4912.000  2.376903482394E+02
4914.000  2.376903482596E+02
4916.000  2.376903482797E+02
4918.000  2.376903482999E+02
4920.000  2.376903483200E+02
4922.000  2.376903483401E+02
4924.000  2.376903483601E+02
4926.000  2.376903483801E+02
4928.000  2.376903484001E+02
4930.000  2.376903484200E+02
4932.000  2.376903484399E+02
4934.000  2.376903484598E+02
4936.000  2.376903484796E+02
4938.000  2.376903484995E+02
4940.000  2.376903485192E+02
4942.000  2.376903485390E+02
4944.000  2.376903485587E+02
4946.000  2.376903485784E+02
4948.000  2.376903485980E+02
4950.000  2.376903486177E+02
4952.000  2.376903486372E+02
4954.000  2.376903486568E+02
4956.000  2.376903486763E+02
4958.000  2.376903486958E+02
4960.000  2.376903487153E+02
4962.000  2.376903487347E+02
4964.000  2.376903487541E+02
4966.000  2.376903487735E+02
4968.000  2.376903487928E+02
4970.000  2.376903488121E+02
4972.000  2.376903488314E+02
4974.000  2.376903488506E+02
4976.000  2.376903488699E+02
4978.000  2.376903488890E+02
4980.000  2.376903489082E+02
4982.000  2.376903489273E+02
4984.000  2.376903489464E+02
4986.000  2.376903489655E+02
4988.000  2.376903489845E+02
4990.000  2.376903490035E+02
4992.000  2.376903490225E+02
4994.000  2.376903490414E+02
4996.000  2.376903490603E+02
4998.000  2.376903490792E+02
5000.000  2.376903490980E+02

 INSTRUCTION : END                                                                             

 NORMAL JOB TERMINATION.  STOP.
